0.000000 7940.855360 
200.002083 8063.124549 
400.000000 8190.289423 
600.000000 8327.817112 
800.002083 8479.764536 
1000.002083 8648.716902 
1200.002083 8836.103510 
1400.002083 9042.577598 
1600.002083 9268.345777 
1800.002083 9513.396861 
2000.002083 9777.634646 
2200.002083 10060.937436 
2400.002083 10363.173657 
2600.002083 10684.198842 
2800.002083 11023.849861 
3000.002083 11381.942946 
3200.002083 11758.275338 
3400.002083 12152.627050 
3600.002083 12564.759861 
3800.002083 12994.413800 
4000.002083 13441.304068 
4200.002083 13905.121052 
4400.000000 14385.527968 
4600.000000 14882.183777 
4800.000000 15394.713921 
5000.000000 15922.729976 
5200.000000 16465.826005 
5400.000000 17023.581983 
5600.000000 17595.567504 
5800.000000 18181.343787 
6000.000000 18780.464456 
6200.000000 19392.477145 
6400.000000 20016.926728 
6600.000000 20653.358586 
6800.000001 21301.320238 
7000.000001 21960.361861 
7200.000001 22630.037569 
7400.000001 23309.907959 
7600.000001 23999.542364 
7800.000001 24698.519554 
8000.000001 25406.427677 
8200.000001 26122.865175 
8400.000001 26847.442717 
8600.000001 27579.784609 
8800.000001 28319.528929 
9000.000001 29066.327654 
9200.000001 29819.848257 
9400.000001 30579.776452 
9600.000000 31345.818730 
9800.000000 32117.704686 
10000.000000 32895.190690 
10200.000000 33678.065644 
10400.000000 34466.157197 
10600.000000 35259.335611 
10800.000000 36057.512728 
11000.000000 36860.632690 
11200.000000 37668.648285 
11400.000000 38481.475074 
11600.002083 39298.926973 
11800.002083 40120.584883 
12000.002083 40945.738154 
12200.002083 41773.248111 
12400.002083 42601.484233 
12600.002083 43428.301533 
12800.002083 44251.076767 
13000.002083 45066.799003 
13200.002083 45872.199182 
13400.002083 46663.898465 
13600.002083 47438.556218 
13800.002083 48193.002983 
14000.002083 48924.349350 
14200.002083 49630.066689 
14400.002083 50308.039499 
14600.002083 50956.591695 
14800.002083 51574.490604 
15000.002083 52160.933050 
15200.002082 52715.517969 
15400.002082 53238.209681 
15600.002082 53729.295443 
15800.002082 54189.340266 
16000.002082 54619.141418 
16200.002082 55019.684380 
16400.002082 55392.101566 
16600.002082 55737.634631 
16800.002082 56057.600850 
17000.002082 56353.363753 
17200.002082 56626.308002 
17400.002082 56877.818316 
17600.002082 57109.262181 
17800.002082 57321.975988 
18000.002082 57517.254220 
18200.002082 57696.341317 
18400.002082 57860.425837 
18600.002082 58010.636562 
18800.002082 58148.040219 
19000.002082 58273.640542 
19200.002082 58388.378393 
19400.002082 58493.132741 
19600.002081 58588.722280 
19800.002081 58675.907551 
20000.002081 58755.393407 
