0.000000 7940.855360 
200.002083 8060.381896 
400.000000 8185.461988 
600.000000 8321.653533 
800.002083 8473.014011 
1000.002083 8642.071381 
1200.002083 8830.163836 
1400.002083 9037.837060 
1600.002083 9265.185769 
1800.002083 9512.090731 
2000.002083 9778.356782 
2200.002083 10063.775372 
2400.002083 10368.141490 
2600.002083 10691.250733 
2800.002083 11032.892789 
3000.002083 11392.848260 
3200.002083 11770.888862 
3400.002083 12166.777715 
3600.002083 12580.266906 
3800.002083 13011.092658 
4000.002083 13458.971079 
4200.002083 13923.597143 
4400.000000 14404.641455 
4600.000000 14901.772437 
4800.000000 15414.626411 
5000.000000 15942.826758 
5200.000000 16485.979847 
5400.000000 17043.678123 
5600.000000 17615.503545 
5800.000000 18201.029386 
6000.000000 18799.820853 
6200.000000 19411.436579 
6400.000000 20035.431771 
6600.000000 20671.361426 
6800.000001 21318.781929 
7000.000001 21977.251563 
7200.000001 22646.331786 
7400.000001 23325.589782 
7600.000001 24014.600723 
7800.000001 24712.948461 
8000.000001 25420.225454 
8200.000001 26136.033611 
8400.000001 26859.986105 
8600.000001 27591.708546 
8800.000001 28330.838713 
9000.000001 29077.026026 
9200.000001 29829.932104 
9400.000001 30589.231924 
9600.000000 31354.614034 
9800.000000 32125.779620 
10000.000000 32902.441845 
10200.000000 33684.326335 
10400.000000 34471.171792 
10600.000000 35262.729462 
10800.000000 36058.761914 
11000.000000 36859.042587 
11200.000000 37663.356283 
11400.000000 38471.499280 
11600.002083 39283.286781 
11800.002083 40098.517926 
12000.002083 40917.026454 
12200.002083 41738.647362 
12400.002083 42563.224966 
12600.002083 43390.611678 
12800.002083 44220.667257 
13000.002083 45053.259099 
13200.002083 45888.262483 
13400.002083 46725.559775 
13600.002083 47565.039305 
13800.002083 48406.595147 
14000.002083 49250.127604 
14200.002083 50095.543074 
14400.002083 50942.753028 
14600.002083 51791.673252 
14800.002083 52642.224121 
15000.002083 53494.330997 
15200.002082 54347.923685 
15400.002082 55202.935430 
15600.002082 56059.302701 
15800.002082 56916.965740 
16000.002082 57775.868625 
16200.002082 58635.958428 
16400.002082 59497.184524 
16600.002082 60359.498895 
16800.002082 61222.856630 
17000.002082 62087.215556 
17200.002082 62952.535350 
17400.002082 63818.777360 
17600.002082 64685.905204 
17800.002082 65553.884945 
18000.002082 66422.684373 
18200.002082 67292.272383 
18400.002082 68162.619309 
18600.002082 69033.697486 
18800.002082 69905.480967 
19000.002082 70777.944722 
19200.002082 71651.064503 
19400.002082 72524.817474 
19600.002081 73399.182435 
19800.002081 74274.139167 
20000.002081 75149.667876 
