0.000000 7940.855360 
200.002083 8060.380798 
400.000000 8185.460964 
600.000000 8321.652575 
800.002083 8473.013113 
1000.002083 8642.070536 
1200.002083 8830.163038 
1400.002083 9037.836303 
1600.002083 9265.185049 
1800.002083 9512.090044 
2000.002083 9778.356126 
2200.002083 10063.774743 
2400.002083 10368.140885 
2600.002083 10691.250151 
2800.002083 11032.892228 
3000.002083 11392.847717 
3200.002083 11770.888337 
3400.002083 12166.777206 
3600.002083 12580.266412 
3800.002083 13011.092178 
4000.002083 13458.970612 
4200.002083 13923.596689 
4400.000000 14404.641011 
4600.000000 14901.772004 
4800.000000 15414.625988 
5000.000000 15942.826344 
5200.000000 16485.979441 
5400.000000 17043.677725 
5600.000000 17615.503154 
5800.000000 18201.029002 
6000.000000 18799.820474 
6200.000000 19411.436206 
6400.000000 20035.431403 
6600.000000 20671.361061 
6800.000001 21318.781566 
7000.000001 21977.251199 
7200.000001 22646.331418 
7400.000001 23325.589402 
7600.000001 24014.600321 
7800.000001 24712.948015 
8000.000001 25420.224929 
8200.000001 26136.032946 
8400.000001 26859.985190 
8600.000001 27591.707187 
8800.000001 28330.836571 
9000.000001 29077.022499 
9200.000001 29829.926129 
9400.000001 30589.221619 
9600.000000 31354.596076 
9800.000000 32125.748131 
10000.000000 32902.386448 
10200.000000 33684.228736 
10400.000000 34470.999843 
10600.000000 35262.426933 
10800.000000 36058.231121 
11000.000000 36858.115412 
11200.000000 37661.747061 
11400.000000 38468.730671 
11600.002083 39278.577743 
11800.002083 40090.622598 
12000.002083 40904.015378 
12200.002083 41717.630507 
12400.002083 42530.027229 
12600.002083 43339.423534 
12800.002083 44143.701531 
13000.002083 44940.447671 
13200.002083 45727.023959 
13400.002083 46500.660964 
13600.002083 47258.561214 
13800.002083 47998.001926 
14000.002083 48716.428118 
14200.002083 49411.529980 
14400.002083 50081.301248 
14600.002083 50724.077805 
14800.002083 51338.557519 
15000.002083 51923.803549 
15200.002082 52479.233953 
15400.002082 53004.600651 
15600.002082 53499.960723 
15800.002082 53965.642745 
16000.002082 54402.210478 
16200.002082 54810.425826 
16400.002082 55191.212565 
16600.002082 55545.621938 
16800.002082 55874.800890 
17000.002082 56179.963419 
17200.002082 56462.365280 
17400.002082 56723.282100 
17600.002082 56963.990820 
17800.002082 57185.754289 
18000.002082 57389.808754 
18200.002082 57577.353973 
18400.002082 57749.545647 
18600.002082 57907.489875 
18800.002082 58052.239334 
19000.002082 58184.790929 
19200.002082 58306.084648 
19400.002082 58417.003413 
19600.002081 58518.373714 
19800.002081 58610.966882 
20000.002081 58695.500820 
