0.000000 7940.855360 
20.000000 7952.735658 
40.000000 7964.616353 
60.002083 7976.503083 
80.002083 7988.399857 
100.002083 8000.314416 
120.002083 8012.253265 
140.002083 8024.222896 
160.002083 8036.229765 
180.002083 8048.280284 
200.002083 8060.380798 
220.002083 8072.537578 
240.002083 8084.756804 
260.002083 8097.044556 
280.000000 8109.405507 
300.000000 8121.848078 
320.000000 8134.376697 
340.000000 8146.996941 
360.000000 8159.714240 
380.000000 8172.533873 
400.000000 8185.460964 
420.000000 8198.500476 
440.000000 8211.657213 
460.000000 8224.935811 
480.000000 8238.340741 
500.000000 8251.876305 
520.000000 8265.546640 
540.000000 8279.355714 
560.000000 8293.307330 
580.000000 8307.405126 
600.000000 8321.652575 
620.000000 8336.052993 
640.000000 8350.609536 
660.000000 8365.325203 
680.000000 8380.202845 
700.000000 8395.245161 
720.000000 8410.454706 
740.002083 8425.835507 
760.002083 8441.386637 
780.002083 8457.111834 
800.002083 8473.013113 
820.002083 8489.092367 
840.002083 8505.351365 
860.002083 8521.791765 
880.002083 8538.415109 
900.002083 8555.222836 
920.002083 8572.216278 
940.002083 8589.396672 
960.002083 8606.765160 
980.002083 8624.322793 
1000.002083 8642.070536 
1020.002083 8660.009275 
1040.002083 8678.139814 
1060.002083 8696.462887 
1080.002083 8714.979155 
1100.002083 8733.689215 
1120.002083 8752.593599 
1140.002083 8771.692781 
1160.002083 8790.987180 
1180.002083 8810.477160 
1200.002083 8830.163038 
1220.002083 8850.045084 
1240.002083 8870.123524 
1260.002083 8890.398544 
1280.002083 8910.870294 
1300.002083 8931.538886 
1320.002083 8952.404400 
1340.002083 8973.466889 
1360.002083 8994.726375 
1380.002083 9016.182855 
1400.002083 9037.836303 
1420.002083 9059.686671 
1440.002083 9081.733892 
1460.002083 9103.977880 
1480.002083 9126.418533 
1500.002083 9149.055735 
1520.002083 9171.889356 
1540.002083 9194.919255 
1560.002083 9218.145279 
1580.002083 9241.567267 
1600.002083 9265.185049 
1620.002083 9288.998448 
1640.002083 9313.007280 
1660.002083 9337.211356 
1680.002083 9361.610483 
1700.002083 9386.204463 
1720.002083 9410.993095 
1740.002083 9435.976176 
1760.002083 9461.153500 
1780.002083 9486.524859 
1800.002083 9512.090044 
1820.002083 9537.848847 
1840.002083 9563.801057 
1860.002083 9589.946462 
1880.002083 9616.284853 
1900.002083 9642.816019 
1920.002083 9669.539750 
1940.002083 9696.455835 
1960.002083 9723.564065 
1980.002083 9750.864231 
2000.002083 9778.356126 
