0.000000 7940.855360 
20.000000 9276.357956 
40.000000 9288.130088 
60.002083 9299.655910 
80.002083 9310.943212 
100.002083 9322.003577 
120.002083 9332.847524 
140.002083 9343.485693 
160.002083 9353.928805 
180.002083 9364.187643 
200.002083 9374.273017 
220.002083 9384.195740 
240.002083 9393.966605 
260.002083 9403.596358 
280.000000 9413.094694 
300.000000 9422.474184 
320.000000 9431.744319 
340.000000 9440.915464 
360.000000 9449.997845 
380.000000 9459.001542 
400.000000 9467.936468 
420.000000 9476.812367 
440.000000 9485.638797 
460.000000 9494.425129 
480.000000 9503.180538 
500.000000 9511.913997 
520.000000 9520.634271 
540.000000 9529.349920 
560.000000 9538.069290 
580.000000 9546.800517 
600.000000 9555.551522 
620.000000 9564.330014 
640.000000 9573.143490 
660.000000 9581.999236 
680.000000 9590.904331 
700.000000 9599.865646 
720.000000 9608.889850 
740.002083 9617.984362 
760.002083 9627.153560 
780.002083 9636.404467 
800.002083 9645.742973 
820.002083 9655.174782 
840.002083 9664.705419 
860.002083 9674.340234 
880.002083 9684.084404 
900.002083 9693.942939 
920.002083 9703.920686 
940.002083 9714.022335 
960.002083 9724.252424 
980.002083 9734.615339 
1000.002083 9745.115323 
1020.002083 9755.756479 
1040.002083 9766.542774 
1060.002083 9777.478045 
1080.002083 9788.565998 
1100.002083 9799.810218 
1120.002083 9811.214171 
1140.002083 9822.781204 
1160.002083 9834.514556 
1180.002083 9846.417352 
1200.002083 9858.492617 
1220.002083 9870.743271 
1240.002083 9883.172135 
1260.002083 9895.781935 
1280.002083 9908.575304 
1300.002083 9921.554784 
1320.002083 9934.722830 
1340.002083 9948.081811 
1360.002083 9961.634015 
1380.002083 9975.381648 
1400.002083 9989.326840 
1420.002083 10003.471642 
1440.002083 10017.818033 
1460.002083 10032.367921 
1480.002083 10047.123141 
1500.002083 10062.085462 
1520.002083 10077.256585 
1540.002083 10092.638146 
1560.002083 10108.231718 
1580.002083 10124.038810 
1600.002083 10140.060874 
1620.002083 10156.299300 
1640.002083 10172.755419 
1660.002083 10189.430509 
1680.002083 10206.325788 
1700.002083 10223.442425 
1720.002083 10240.781531 
1740.002083 10258.344168 
1760.002083 10276.131346 
1780.002083 10294.144026 
1800.002083 10312.383118 
1820.002083 10330.849488 
1840.002083 10349.543953 
1860.002083 10368.467283 
1880.002083 10387.620207 
1900.002083 10407.003407 
1920.002083 10426.617523 
1940.002083 10446.463155 
1960.002083 10466.540859 
1980.002083 10486.851153 
2000.002083 10507.394516 
