0.000000 7940.855360 
200.002083 9374.273017 
400.000000 9467.936468 
600.000000 9555.551522 
800.002083 9645.742973 
1000.002083 9745.115323 
1200.002083 9858.492617 
1400.002083 9989.326840 
1600.002083 10140.060874 
1800.002083 10312.383118 
2000.002083 10507.394516 
2200.002083 10725.725960 
2400.002083 10967.633748 
2600.002083 11233.084944 
2800.002083 11521.834640 
3000.002083 11833.493458 
3200.002083 12167.582514 
3400.002083 12523.573146 
3600.002083 12900.910961 
3800.002083 13299.027531 
4000.002083 13717.345670 
4200.002083 14155.283428 
4400.000000 14612.253329 
4600.000000 15087.684217 
4800.000000 15580.992558 
5000.000000 16091.599818 
5200.000000 16618.927646 
5400.000000 17162.399851 
5600.000000 17721.444693 
5800.000000 18295.495549 
6000.000000 18883.990429 
6200.000000 19486.372409 
6400.000000 20102.091764 
6600.000000 20730.608202 
6800.000001 21371.391522 
7000.000001 22023.921156 
7200.000001 22687.686463 
7400.000001 23362.188190 
7600.000001 24046.939472 
7800.000001 24741.464988 
8000.000001 25445.298920 
8200.000001 26157.983249 
8400.000001 26879.066247 
8600.000001 27608.099418 
8800.000001 28344.632076 
9000.000001 29088.204985 
9200.000001 29838.345243 
9400.000001 30594.563564 
9600.000000 31356.355246 
9800.000000 32123.208856 
10000.000000 32894.629305 
10200.000000 33670.181111 
10400.000000 34449.552261 
10600.000000 35232.630513 
10800.000000 36019.573171 
11000.000000 36810.840050 
11200.000000 37607.154297 
11400.000000 38409.366615 
11600.002083 39218.237442 
11800.002083 40034.130786 
12000.002083 40856.814530 
12200.002083 41685.260911 
12400.002083 42517.605140 
12600.002083 43351.207927 
12800.002083 44182.802339 
13000.002083 45008.688544 
13200.002083 45824.943153 
13400.002083 46627.618207 
13600.002083 47412.914011 
13800.002083 48177.317712 
14000.002083 48917.705274 
14200.002083 49631.408304 
14400.002083 50316.249506 
14600.002083 50970.551722 
14800.002083 51593.125893 
15000.002083 52183.243179 
15200.002082 52740.595969 
15400.002082 53265.251939 
15600.002082 53757.604574 
15800.002082 54218.322881 
16000.002082 54648.302377 
16200.002082 55048.618831 
16400.002082 55420.485762 
16600.002082 55765.216288 
16800.002082 56084.189572 
17000.002082 56378.821906 
17200.002082 56650.542255 
17400.002082 56900.771998 
17600.002082 57130.908490 
17800.002082 57342.312062 
18000.002082 57536.296037 
18200.002082 57714.119356 
18400.002082 57876.981440 
18600.002082 58026.018908 
18800.002082 58162.303850 
19000.002082 58286.843350 
19200.002082 58400.580013 
19400.002082 58504.393277 
19600.002081 58599.101325 
19800.002081 58685.463431 
20000.002081 58764.182627 
