0.0478496819
0.0462846410
0.0754305681
0.2343595653
0.6922530725
0.9141726552
0.9769492257
0.9938229822
0.9983448693
0.9995565094
0.9998811671
0.9999681589
0.9999914682
0.9999977139
0.9999993874
0.9999998359
0.9999999560
0.9999999882
0.9999999968
0.9999999992
0.9999999998
0.9999999999
1.0000000000
1.0000000000
1.0000000000
1.0000000000
1.0000000000
1.0000000000
1.0000000000
1.0000000000
1.0000000000
1.0000000000
1.0000000000
1.0000000000
1.0000000000
1.0000000000
1.0000000000
1.0000000000
1.0000000000
1.0000000000
1.0000000000
1.0000000000
1.0000000000
1.0000000000
1.0000000000
1.0000000000
1.0000000000
1.0000000000
1.0000000000
1.0000000000