0.0479255909
0.0474532277
0.0523932352
0.0670326159
0.1329961596
0.4402836246
0.8200924080
0.9509443030
0.9868408742
0.9964738331
0.9990551651
0.9997468325
0.9999321640
0.9999818234
0.9999951296
0.9999986950
0.9999996503
0.9999999063
0.9999999749
0.9999999933
0.9999999982
0.9999999995
0.9999999999
1.0000000000
1.0000000000
1.0000000000
1.0000000000
1.0000000000
1.0000000000
1.0000000000
1.0000000000
1.0000000000
1.0000000000
1.0000000000
1.0000000000
1.0000000000
1.0000000000
1.0000000000
1.0000000000
1.0000000000
1.0000000000
1.0000000000
1.0000000000
1.0000000000
1.0000000000
1.0000000000
1.0000000000
1.0000000000
1.0000000000
1.0000000000