0.0478677667
0.0465384728
0.0673042140
0.1714882375
0.5845558791
0.8794727460
0.9675276492
0.9912968306
0.9976679730
0.9993751356
0.9998325682
0.9999551368
0.9999879790
0.9999967790
0.9999991369
0.9999997687
0.9999999380
0.9999999834
0.9999999956
0.9999999988
0.9999999997
0.9999999999
1.0000000000
1.0000000000
1.0000000000
1.0000000000
1.0000000000
1.0000000000
1.0000000000
1.0000000000
1.0000000000
1.0000000000
1.0000000000
1.0000000000
1.0000000000
1.0000000000
1.0000000000
1.0000000000
1.0000000000
1.0000000000
1.0000000000
1.0000000000
1.0000000000
1.0000000000
1.0000000000
1.0000000000
1.0000000000
1.0000000000
1.0000000000
1.0000000000