0.0479367599
0.0476364668
0.0506013686
0.0584833549
0.0871497800
0.2316244725
0.6568810487
0.9014612148
0.9734464540
0.9928826205
0.9980928753
0.9994889876
0.9998630748
0.9999633110
0.9999901692
0.9999973659
0.9999992942
0.9999998109
0.9999999493
0.9999999864
0.9999999964
0.9999999990
0.9999999997
0.9999999999
1.0000000000
1.0000000000
1.0000000000
1.0000000000
1.0000000000
1.0000000000
1.0000000000
1.0000000000
1.0000000000
1.0000000000
1.0000000000
1.0000000000
1.0000000000
1.0000000000
1.0000000000
1.0000000000
1.0000000000
1.0000000000
1.0000000000
1.0000000000
1.0000000000
1.0000000000
1.0000000000
1.0000000000
1.0000000000
1.0000000000