0.0479086181
0.0471758983
0.0556171322
0.0855107103
0.2427194886
0.6825338116
0.9103102297
0.9758771321
0.9935350638
0.9982677136
0.9995358355
0.9998756276
0.9999666745
0.9999910705
0.9999976073
0.9999993589
0.9999998282
0.9999999540
0.9999999877
0.9999999967
0.9999999991
0.9999999998
0.9999999999
1.0000000000
1.0000000000
1.0000000000
1.0000000000
1.0000000000
1.0000000000
1.0000000000
1.0000000000
1.0000000000
1.0000000000
1.0000000000
1.0000000000
1.0000000000
1.0000000000
1.0000000000
1.0000000000
1.0000000000
1.0000000000
1.0000000000
1.0000000000
1.0000000000
1.0000000000
1.0000000000
1.0000000000
1.0000000000
1.0000000000
1.0000000000