0.0481520413
0.0594198005
0.6900830067
0.9167324190
0.9776880941
0.9940215460
0.9983980791
0.9995707668
0.9998849874
0.9999691825
0.9999917425
0.9999977874
0.9999994071
0.9999998411
0.9999999574
0.9999999886
0.9999999969
0.9999999992
0.9999999998
0.9999999999
1.0000000000
1.0000000000
1.0000000000
1.0000000000
1.0000000000
1.0000000000
1.0000000000
1.0000000000
1.0000000000
1.0000000000
1.0000000000
1.0000000000
1.0000000000
1.0000000000
1.0000000000
1.0000000000
1.0000000000
1.0000000000
1.0000000000
1.0000000000
1.0000000000
1.0000000000
1.0000000000
1.0000000000
1.0000000000
1.0000000000
1.0000000000
1.0000000000
1.0000000000
1.0000000000