0.0479317725
0.0475546894
0.0513732816
0.0620095948
0.1049691601
0.3221497305
0.7507083703
0.9307724603
0.9814026896
0.9950161805
0.9986645826
0.9996421762
0.9999041215
0.9999743095
0.9999931162
0.9999981555
0.9999995058
0.9999998676
0.9999999645
0.9999999905
0.9999999975
0.9999999993
0.9999999998
1.0000000000
1.0000000000
1.0000000000
1.0000000000
1.0000000000
1.0000000000
1.0000000000
1.0000000000
1.0000000000
1.0000000000
1.0000000000
1.0000000000
1.0000000000
1.0000000000
1.0000000000
1.0000000000
1.0000000000
1.0000000000
1.0000000000
1.0000000000
1.0000000000
1.0000000000
1.0000000000
1.0000000000
1.0000000000
1.0000000000
1.0000000000