0.0478836903
0.0467792803
0.0618956952
0.1297021495
0.4573861007
0.8312660324
0.9542326369
0.9877286179
0.9967118077
0.9991189314
0.9997639186
0.9999367422
0.9999830501
0.9999954583
0.9999987831
0.9999996739
0.9999999126
0.9999999766
0.9999999937
0.9999999983
0.9999999995
0.9999999999
1.0000000000
1.0000000000
1.0000000000
1.0000000000
1.0000000000
1.0000000000
1.0000000000
1.0000000000
1.0000000000
1.0000000000
1.0000000000
1.0000000000
1.0000000000
1.0000000000
1.0000000000
1.0000000000
1.0000000000
1.0000000000
1.0000000000
1.0000000000
1.0000000000
1.0000000000
1.0000000000
1.0000000000
1.0000000000
1.0000000000
1.0000000000
1.0000000000