0.0479179648
0.0473282434
0.0537584511
0.0743968730
0.1766986988
0.5692782938
0.8723987520
0.9655256991
0.9907582952
0.9975236429
0.9993364622
0.9998222057
0.9999523602
0.9999872350
0.9999965796
0.9999990835
0.9999997544
0.9999999342
0.9999999824
0.9999999953
0.9999999987
0.9999999997
0.9999999999
1.0000000000
1.0000000000
1.0000000000
1.0000000000
1.0000000000
1.0000000000
1.0000000000
1.0000000000
1.0000000000
1.0000000000
1.0000000000
1.0000000000
1.0000000000
1.0000000000
1.0000000000
1.0000000000
1.0000000000
1.0000000000
1.0000000000
1.0000000000
1.0000000000
1.0000000000
1.0000000000
1.0000000000
1.0000000000
1.0000000000
1.0000000000