0.0479407704
0.0477020504
0.0500115006
0.0559415704
0.0756415658
0.1690369702
0.5364737939
0.8589289102
0.9617464295
0.9897420090
0.9972512722
0.9992634800
0.9998026502
0.9999471203
0.9999858309
0.9999962034
0.9999989827
0.9999997274
0.9999999270
0.9999999804
0.9999999948
0.9999999986
0.9999999996
0.9999999999
1.0000000000
1.0000000000
1.0000000000
1.0000000000
1.0000000000
1.0000000000
1.0000000000
1.0000000000
1.0000000000
1.0000000000
1.0000000000
1.0000000000
1.0000000000
1.0000000000
1.0000000000
1.0000000000
1.0000000000
1.0000000000
1.0000000000
1.0000000000
1.0000000000
1.0000000000
1.0000000000
1.0000000000
1.0000000000
1.0000000000