0.0478972719
0.0469931529
0.0582035896
0.1027238288
0.3369944063
0.7679096394
0.9361634575
0.9828674037
0.9954090003
0.9987698430
0.9996703807
0.9999116788
0.9999763344
0.9999936588
0.9999983009
0.9999995447
0.9999998780
0.9999999673
0.9999999912
0.9999999977
0.9999999994
0.9999999998
1.0000000000
1.0000000000
1.0000000000
1.0000000000
1.0000000000
1.0000000000
1.0000000000
1.0000000000
1.0000000000
1.0000000000
1.0000000000
1.0000000000
1.0000000000
1.0000000000
1.0000000000
1.0000000000
1.0000000000
1.0000000000
1.0000000000
1.0000000000
1.0000000000
1.0000000000
1.0000000000
1.0000000000
1.0000000000
1.0000000000
1.0000000000
1.0000000000