0.0479465632
0.0477962407
0.0492063955
0.0526678842
0.0627668880
0.1019021220
0.2952198487
0.7235983503
0.9222765720
0.9790925119
0.9943965354
0.9984985399
0.9995976851
0.9998922001
0.9999711151
0.9999922603
0.9999979262
0.9999994443
0.9999998511
0.9999999601
0.9999999893
0.9999999971
0.9999999992
0.9999999998
0.9999999999
1.0000000000
1.0000000000
1.0000000000
1.0000000000
1.0000000000
1.0000000000
1.0000000000
1.0000000000
1.0000000000
1.0000000000
1.0000000000
1.0000000000
1.0000000000
1.0000000000
1.0000000000
1.0000000000
1.0000000000
1.0000000000
1.0000000000
1.0000000000
1.0000000000
1.0000000000
1.0000000000
1.0000000000
1.0000000000