0.0479526273
0.0478934844
0.0484263032
0.0496826556
0.0529524142
0.0623091173
0.0967474889
0.2637415975
0.6875449831
0.9106761498
0.9759272070
0.9935472455
0.9982709550
0.9995367038
0.9998758602
0.9999667369
0.9999910872
0.9999976118
0.9999993601
0.9999998285
0.9999999541
0.9999999877
0.9999999967
0.9999999991
0.9999999998
0.9999999999
1.0000000000
1.0000000000
1.0000000000
1.0000000000
1.0000000000
1.0000000000
1.0000000000
1.0000000000
1.0000000000
1.0000000000
1.0000000000
1.0000000000
1.0000000000
1.0000000000
1.0000000000
1.0000000000
1.0000000000
1.0000000000
1.0000000000
1.0000000000
1.0000000000
1.0000000000
1.0000000000
1.0000000000