0.0479541262
0.0479171024
0.0482456712
0.0490135200
0.0509669493
0.0561961967
0.0723880108
0.1418552736
0.4423601598
0.8160545490
0.9495278130
0.9864506279
0.9963690365
0.9990270812
0.9997393073
0.9999301477
0.9999812831
0.9999949848
0.9999986562
0.9999996399
0.9999999035
0.9999999741
0.9999999931
0.9999999981
0.9999999995
0.9999999999
1.0000000000
1.0000000000
1.0000000000
1.0000000000
1.0000000000
1.0000000000
1.0000000000
1.0000000000
1.0000000000
1.0000000000
1.0000000000
1.0000000000
1.0000000000
1.0000000000
1.0000000000
1.0000000000
1.0000000000
1.0000000000
1.0000000000
1.0000000000
1.0000000000
1.0000000000
1.0000000000
1.0000000000