0.0479486228
0.0478294822
0.0489337343
0.0516054673
0.0590772378
0.0852876979
0.2123466951
0.6195069574
0.8883816369
0.9698435495
0.9919151959
0.9978336223
0.9994195206
0.9998444611
0.9999583235
0.9999888328
0.9999970078
0.9999991982
0.9999997852
0.9999999424
0.9999999846
0.9999999959
0.9999999989
0.9999999997
0.9999999999
1.0000000000
1.0000000000
1.0000000000
1.0000000000
1.0000000000
1.0000000000
1.0000000000
1.0000000000
1.0000000000
1.0000000000
1.0000000000
1.0000000000
1.0000000000
1.0000000000
1.0000000000
1.0000000000
1.0000000000
1.0000000000
1.0000000000
1.0000000000
1.0000000000
1.0000000000
1.0000000000
1.0000000000
1.0000000000