0.0479546555
0.0479253702
0.0481834958
0.0487848628
0.0503033669
0.0542838134
0.0658749108
0.1107422450
0.3232064267
0.7422213877
0.9276534959
0.9805364400
0.9947833562
0.9986021848
0.9996254566
0.9998996415
0.9999731090
0.9999927946
0.9999980693
0.9999994827
0.9999998614
0.9999999629
0.9999999900
0.9999999973
0.9999999993
0.9999999998
0.9999999999
1.0000000000
1.0000000000
1.0000000000
1.0000000000
1.0000000000
1.0000000000
1.0000000000
1.0000000000
1.0000000000
1.0000000000
1.0000000000
1.0000000000
1.0000000000
1.0000000000
1.0000000000
1.0000000000
1.0000000000
1.0000000000
1.0000000000
1.0000000000
1.0000000000
1.0000000000
1.0000000000