0.0479439874
0.0477544619
0.0495575486
0.0540695084
0.0679989501
0.1280272798
0.4072258030
0.8010094260
0.9453632708
0.9853342178
0.9960699319
0.9989469375
0.9997178330
0.9999243936
0.9999797414
0.9999945717
0.9999985455
0.9999996103
0.9999998956
0.9999999720
0.9999999925
0.9999999980
0.9999999995
0.9999999999
1.0000000000
1.0000000000
1.0000000000
1.0000000000
1.0000000000
1.0000000000
1.0000000000
1.0000000000
1.0000000000
1.0000000000
1.0000000000
1.0000000000
1.0000000000
1.0000000000
1.0000000000
1.0000000000
1.0000000000
1.0000000000
1.0000000000
1.0000000000
1.0000000000
1.0000000000
1.0000000000
1.0000000000
1.0000000000
1.0000000000