0.0479534616
0.0479066625
0.0483250047
0.0493064933
0.0518280174
0.0587722323
0.0820283019
0.1905002667
0.5725960701
0.8711048687
0.9650506699
0.9906273379
0.9974884800
0.9993270392
0.9998196808
0.9999516837
0.9999870537
0.9999965310
0.9999990705
0.9999997509
0.9999999333
0.9999999821
0.9999999952
0.9999999987
0.9999999997
0.9999999999
1.0000000000
1.0000000000
1.0000000000
1.0000000000
1.0000000000
1.0000000000
1.0000000000
1.0000000000
1.0000000000
1.0000000000
1.0000000000
1.0000000000
1.0000000000
1.0000000000
1.0000000000
1.0000000000
1.0000000000
1.0000000000
1.0000000000
1.0000000000
1.0000000000
1.0000000000
1.0000000000
1.0000000000