0.0479515805
0.0478768582
0.0485557671
0.0501669588
0.0544333212
0.0672867470
0.1197986480
0.3664662773
0.7750812946
0.9376650847
0.9832522450
0.9955117113
0.9987973575
0.9996777531
0.9999136543
0.9999768638
0.9999938007
0.9999983389
0.9999995549
0.9999998807
0.9999999680
0.9999999914
0.9999999977
0.9999999994
0.9999999998
1.0000000000
1.0000000000
1.0000000000
1.0000000000
1.0000000000
1.0000000000
1.0000000000
1.0000000000
1.0000000000
1.0000000000
1.0000000000
1.0000000000
1.0000000000
1.0000000000
1.0000000000
1.0000000000
1.0000000000
1.0000000000
1.0000000000
1.0000000000
1.0000000000
1.0000000000
1.0000000000
1.0000000000
1.0000000000