0.0480080558
0.0552476735
0.5915218293
0.8889539503
0.9702384691
0.9920254082
0.9978632161
0.9994274509
0.9998465860
0.9999588929
0.9999889854
0.9999970486
0.9999992092
0.9999997881
0.9999999432
0.9999999848
0.9999999959
0.9999999989
0.9999999997
0.9999999999
1.0000000000
1.0000000000
1.0000000000
1.0000000000
1.0000000000
1.0000000000
1.0000000000
1.0000000000
1.0000000000
1.0000000000
1.0000000000
1.0000000000
1.0000000000
1.0000000000
1.0000000000
1.0000000000
1.0000000000
1.0000000000
1.0000000000
1.0000000000
1.0000000000
1.0000000000
1.0000000000
1.0000000000
1.0000000000
1.0000000000
1.0000000000
1.0000000000
1.0000000000
1.0000000000