0.0479502678
0.0478558942
0.0487214267
0.0507927834
0.0564066093
0.0745010545
0.1561574850
0.4926833844
0.8400939954
0.9564227836
0.9883092133
0.9968672468
0.9991605792
0.9997750780
0.9999397324
0.9999838514
0.9999956730
0.9999988406
0.9999996893
0.9999999168
0.9999999777
0.9999999940
0.9999999984
0.9999999996
0.9999999999
1.0000000000
1.0000000000
1.0000000000
1.0000000000
1.0000000000
1.0000000000
1.0000000000
1.0000000000
1.0000000000
1.0000000000
1.0000000000
1.0000000000
1.0000000000
1.0000000000
1.0000000000
1.0000000000
1.0000000000
1.0000000000
1.0000000000
1.0000000000
1.0000000000
1.0000000000
1.0000000000
1.0000000000
1.0000000000