0.0479550767
0.0479319157
0.0481347409
0.0486061184
0.0497895766
0.0528435816
0.0613347153
0.0910372810
0.2319443991
0.6427571362
0.8956337164
0.9717998111
0.9924392356
0.9979740292
0.9994571423
0.9998545418
0.9999610246
0.9999895566
0.9999972017
0.9999992502
0.9999997991
0.9999999462
0.9999999856
0.9999999961
0.9999999990
0.9999999997
0.9999999999
1.0000000000
1.0000000000
1.0000000000
1.0000000000
1.0000000000
1.0000000000
1.0000000000
1.0000000000
1.0000000000
1.0000000000
1.0000000000
1.0000000000
1.0000000000
1.0000000000
1.0000000000
1.0000000000
1.0000000000
1.0000000000
1.0000000000
1.0000000000
1.0000000000
1.0000000000
1.0000000000