0.0479561937
0.0479490369
0.0480098971
0.0481504055
0.0484981708
0.0493631834
0.0515321023
0.0572307218
0.0747393811
0.1494384234
0.4597365653
0.8229973543
0.9514303004
0.9869598990
0.9965054551
0.9990636333
0.9997491014
0.9999327720
0.9999819863
0.9999951733
0.9999987067
0.9999996535
0.9999999071
0.9999999751
0.9999999933
0.9999999982
0.9999999995
0.9999999999
1.0000000000
1.0000000000
1.0000000000
1.0000000000
1.0000000000
1.0000000000
1.0000000000
1.0000000000
1.0000000000
1.0000000000
1.0000000000
1.0000000000
1.0000000000
1.0000000000
1.0000000000
1.0000000000
1.0000000000
1.0000000000
1.0000000000
1.0000000000
1.0000000000
1.0000000000