0.0479556787
0.0479411964
0.0480664788
0.0483566232
0.0490793593
0.0509062440
0.0556910725
0.0699566947
0.1280357469
0.3894653115
0.7864941106
0.9408630655
0.9841094672
0.9957413451
0.9988588857
0.9996942394
0.9999180718
0.9999780474
0.9999941178
0.9999984239
0.9999995777
0.9999998868
0.9999999697
0.9999999919
0.9999999978
0.9999999994
0.9999999998
1.0000000000
1.0000000000
1.0000000000
1.0000000000
1.0000000000
1.0000000000
1.0000000000
1.0000000000
1.0000000000
1.0000000000
1.0000000000
1.0000000000
1.0000000000
1.0000000000
1.0000000000
1.0000000000
1.0000000000
1.0000000000
1.0000000000
1.0000000000
1.0000000000
1.0000000000
1.0000000000