0.0479558909
0.0479444403
0.0480429188
0.0482707006
0.0488365769
0.0502572439
0.0539086432
0.0642129066
0.1020279725
0.2810051696
0.7018054519
0.9148897403
0.9770590015
0.9938503747
0.9983521727
0.9995584658
0.9998816914
0.9999682993
0.9999915058
0.9999977240
0.9999993901
0.9999998366
0.9999999562
0.9999999883
0.9999999969
0.9999999992
0.9999999998
0.9999999999
1.0000000000
1.0000000000
1.0000000000
1.0000000000
1.0000000000
1.0000000000
1.0000000000
1.0000000000
1.0000000000
1.0000000000
1.0000000000
1.0000000000
1.0000000000
1.0000000000
1.0000000000
1.0000000000
1.0000000000
1.0000000000
1.0000000000
1.0000000000
1.0000000000
1.0000000000