0.0479564524
0.0479529172
0.0479824948
0.0480506597
0.0482188529
0.0486340897
0.0496555480
0.0522036893
0.0589506685
0.0804359778
0.1757746965
0.5301104253
0.8534390462
0.9600494783
0.9892802293
0.9971273795
0.9992302802
0.9997937543
0.9999447367
0.9999851923
0.9999960323
0.9999989369
0.9999997151
0.9999999237
0.9999999795
0.9999999945
0.9999999985
0.9999999996
0.9999999999
1.0000000000
1.0000000000
1.0000000000
1.0000000000
1.0000000000
1.0000000000
1.0000000000
1.0000000000
1.0000000000
1.0000000000
1.0000000000
1.0000000000
1.0000000000
1.0000000000
1.0000000000
1.0000000000
1.0000000000
1.0000000000
1.0000000000
1.0000000000
1.0000000000