0.0479565059
0.0479537116
0.0479769672
0.0480305398
0.0481626449
0.0484883046
0.0492864428
0.0512585729
0.0563428946
0.0713868257
0.1323548162
0.4002542605
0.7912870493
0.9421724029
0.9844589017
0.9958349026
0.9988839523
0.9997009560
0.9999198715
0.9999785296
0.9999942470
0.9999984585
0.9999995870
0.9999998893
0.9999999703
0.9999999921
0.9999999979
0.9999999994
0.9999999998
1.0000000000
1.0000000000
1.0000000000
1.0000000000
1.0000000000
1.0000000000
1.0000000000
1.0000000000
1.0000000000
1.0000000000
1.0000000000
1.0000000000
1.0000000000
1.0000000000
1.0000000000
1.0000000000
1.0000000000
1.0000000000
1.0000000000
1.0000000000
1.0000000000