0.0479563003
0.0479506427
0.0479984905
0.0481088802
0.0483817504
0.0490583450
0.0507411383
0.0550640959
0.0675210011
0.1155795903
0.3375186877
0.7506781987
0.9300487639
0.9811776521
0.9949550647
0.9986481906
0.9996377838
0.9999029445
0.9999739941
0.9999930317
0.9999981329
0.9999994997
0.9999998659
0.9999999641
0.9999999904
0.9999999974
0.9999999993
0.9999999998
1.0000000000
1.0000000000
1.0000000000
1.0000000000
1.0000000000
1.0000000000
1.0000000000
1.0000000000
1.0000000000
1.0000000000
1.0000000000
1.0000000000
1.0000000000
1.0000000000
1.0000000000
1.0000000000
1.0000000000
1.0000000000
1.0000000000
1.0000000000
1.0000000000
1.0000000000