0.0479560596
0.0479470067
0.0480244217
0.0482033001
0.0486467583
0.0497542671
0.0525609320
0.0601627541
0.0854954599
0.2022158231
0.5897519862
0.8766991884
0.9665617050
0.9910319379
0.9975968771
0.9993560837
0.9998274633
0.9999537690
0.9999876124
0.9999966808
0.9999991106
0.9999997617
0.9999999361
0.9999999829
0.9999999954
0.9999999988
0.9999999997
0.9999999999
1.0000000000
1.0000000000
1.0000000000
1.0000000000
1.0000000000
1.0000000000
1.0000000000
1.0000000000
1.0000000000
1.0000000000
1.0000000000
1.0000000000
1.0000000000
1.0000000000
1.0000000000
1.0000000000
1.0000000000
1.0000000000
1.0000000000
1.0000000000
1.0000000000
1.0000000000