0.0479565484
0.0479543398
0.0479726250
0.0480147321
0.0481185135
0.0483740557
0.0489985454
0.0505303924
0.0544021934
0.0652267453
0.1047924132
0.2892341897
0.7075843183
0.9165211241
0.9774931047
0.9939664958
0.9983832813
0.9995668012
0.9998839248
0.9999688978
0.9999916662
0.9999977670
0.9999994017
0.9999998397
0.9999999570
0.9999999885
0.9999999969
0.9999999992
0.9999999998
0.9999999999
1.0000000000
1.0000000000
1.0000000000
1.0000000000
1.0000000000
1.0000000000
1.0000000000
1.0000000000
1.0000000000
1.0000000000
1.0000000000
1.0000000000
1.0000000000
1.0000000000
1.0000000000
1.0000000000
1.0000000000
1.0000000000
1.0000000000
1.0000000000