0.0479554120
0.0479370965
0.0480964934
0.0484662206
0.0493903663
0.0517472980
0.0580791902
0.0783563333
0.1690328337
0.5183584968
0.8494216005
0.9589673398
0.9889908865
0.9970498769
0.9992095141
0.9997881901
0.9999432458
0.9999847928
0.9999959252
0.9999989082
0.9999997074
0.9999999216
0.9999999790
0.9999999944
0.9999999985
0.9999999996
0.9999999999
1.0000000000
1.0000000000
1.0000000000
1.0000000000
1.0000000000
1.0000000000
1.0000000000
1.0000000000
1.0000000000
1.0000000000
1.0000000000
1.0000000000
1.0000000000
1.0000000000
1.0000000000
1.0000000000
1.0000000000
1.0000000000
1.0000000000
1.0000000000
1.0000000000
1.0000000000
1.0000000000