0.0478985530
0.0515837238
0.4655027905
0.8505443720
0.9599083726
0.9892572850
0.9971214995
0.9992287086
0.9997933332
0.9999446238
0.9999851620
0.9999960242
0.9999989347
0.9999997145
0.9999999235
0.9999999795
0.9999999945
0.9999999985
0.9999999996
0.9999999999
1.0000000000
1.0000000000
1.0000000000
1.0000000000
1.0000000000
1.0000000000
1.0000000000
1.0000000000
1.0000000000
1.0000000000
1.0000000000
1.0000000000
1.0000000000
1.0000000000
1.0000000000
1.0000000000
1.0000000000
1.0000000000
1.0000000000
1.0000000000
1.0000000000
1.0000000000
1.0000000000
1.0000000000
1.0000000000
1.0000000000
1.0000000000
1.0000000000
1.0000000000
1.0000000000