0.0479563851
0.0479519128
0.0479895317
0.0480762717
0.0482904671
0.0488202802
0.0501298464
0.0534380972
0.0625193351
0.0941628996
0.2421408737
0.6532239498
0.8987921309
0.9726464644
0.9926658379
0.9980347376
0.9994734088
0.9998589004
0.9999621925
0.9999898695
0.9999972855
0.9999992727
0.9999998051
0.9999999478
0.9999999860
0.9999999963
0.9999999990
0.9999999997
0.9999999999
1.0000000000
1.0000000000
1.0000000000
1.0000000000
1.0000000000
1.0000000000
1.0000000000
1.0000000000
1.0000000000
1.0000000000
1.0000000000
1.0000000000
1.0000000000
1.0000000000
1.0000000000
1.0000000000
1.0000000000
1.0000000000
1.0000000000
1.0000000000
1.0000000000