0.0479566303
0.0479555398
0.0479644288
0.0479848801
0.0480352393
0.0481589742
0.0484597391
0.0491877480
0.0509654492
0.0554752116
0.0683762150
0.1179056063
0.3433255649
0.7534002880
0.9307585870
0.9813644562
0.9950049805
0.9986615619
0.9996413665
0.9999039045
0.9999742513
0.9999931007
0.9999981513
0.9999995047
0.9999998673
0.9999999644
0.9999999905
0.9999999974
0.9999999993
0.9999999998
1.0000000000
1.0000000000
1.0000000000
1.0000000000
1.0000000000
1.0000000000
1.0000000000
1.0000000000
1.0000000000
1.0000000000
1.0000000000
1.0000000000
1.0000000000
1.0000000000
1.0000000000
1.0000000000
1.0000000000
1.0000000000
1.0000000000
1.0000000000