0.0479566606
0.0479559795
0.0479614754
0.0479741139
0.0480052243
0.0480816070
0.0482669199
0.0487133882
0.0497910831
0.0524432882
0.0594022426
0.0814397927
0.1785109169
0.5334880455
0.8543037068
0.9602605507
0.9893357383
0.9971422210
0.9992342562
0.9997948197
0.9999450221
0.9999852687
0.9999960528
0.9999989423
0.9999997166
0.9999999241
0.9999999797
0.9999999945
0.9999999985
0.9999999996
0.9999999999
1.0000000000
1.0000000000
1.0000000000
1.0000000000
1.0000000000
1.0000000000
1.0000000000
1.0000000000
1.0000000000
1.0000000000
1.0000000000
1.0000000000
1.0000000000
1.0000000000
1.0000000000
1.0000000000
1.0000000000
1.0000000000
1.0000000000