0.0479566713
0.0479561330
0.0479604545
0.0479703901
0.0479948443
0.0480548695
0.0482004029
0.0485504731
0.0493921928
0.0514433147
0.0566803439
0.0720791427
0.1341091883
0.4033132973
0.7920624365
0.9423308840
0.9844985418
0.9958454312
0.9988867712
0.9997017113
0.9999200738
0.9999785839
0.9999942616
0.9999984624
0.9999995880
0.9999998896
0.9999999704
0.9999999921
0.9999999979
0.9999999994
0.9999999998
1.0000000000
1.0000000000
1.0000000000
1.0000000000
1.0000000000
1.0000000000
1.0000000000
1.0000000000
1.0000000000
1.0000000000
1.0000000000
1.0000000000
1.0000000000
1.0000000000
1.0000000000
1.0000000000
1.0000000000
1.0000000000
1.0000000000