0.0479566090
0.0479552293
0.0479665341
0.0479925506
0.0480566291
0.0482141585
0.0485975917
0.0495288297
0.0518222125
0.0577772364
0.0759634778
0.1530802942
0.4667228088
0.8254253211
0.9520693758
0.9871298003
0.9965509309
0.9990758172
0.9997523661
0.9999336467
0.9999822207
0.9999952361
0.9999987235
0.9999996580
0.9999999084
0.9999999754
0.9999999934
0.9999999982
0.9999999995
0.9999999999
1.0000000000
1.0000000000
1.0000000000
1.0000000000
1.0000000000
1.0000000000
1.0000000000
1.0000000000
1.0000000000
1.0000000000
1.0000000000
1.0000000000
1.0000000000
1.0000000000
1.0000000000
1.0000000000
1.0000000000
1.0000000000
1.0000000000
1.0000000000