0.0479566918
0.0479564261
0.0479585271
0.0479633547
0.0479752337
0.0480043789
0.0480749578
0.0482442247
0.0486482809
0.0496154885
0.0519721209
0.0580437216
0.0764740160
0.1540763008
0.4669925230
0.8249530901
0.9518927111
0.9870803635
0.9965376234
0.9990722501
0.9997514102
0.9999333906
0.9999821521
0.9999952177
0.9999987186
0.9999996566
0.9999999080
0.9999999753
0.9999999934
0.9999999982
0.9999999995
0.9999999999
1.0000000000
1.0000000000
1.0000000000
1.0000000000
1.0000000000
1.0000000000
1.0000000000
1.0000000000
1.0000000000
1.0000000000
1.0000000000
1.0000000000
1.0000000000
1.0000000000
1.0000000000
1.0000000000
1.0000000000
1.0000000000