0.0479566797
0.0479562543
0.0479596524
0.0479674633
0.0479866861
0.0480338614
0.0481481819
0.0484228291
0.0490812013
0.0506734802
0.0546575160
0.0657189987
0.1059219575
0.2915390969
0.7081715801
0.9165636930
0.9774970064
0.9939672752
0.9983834833
0.9995668552
0.9998839393
0.9999689017
0.9999916672
0.9999977672
0.9999994017
0.9999998397
0.9999999570
0.9999999885
0.9999999969
0.9999999992
0.9999999998
0.9999999999
1.0000000000
1.0000000000
1.0000000000
1.0000000000
1.0000000000
1.0000000000
1.0000000000
1.0000000000
1.0000000000
1.0000000000
1.0000000000
1.0000000000
1.0000000000
1.0000000000
1.0000000000
1.0000000000
1.0000000000
1.0000000000