0.0479566865
0.0479563503
0.0479590222
0.0479651628
0.0479802739
0.0480173529
0.0481071716
0.0483227452
0.0488382893
0.0500779220
0.0531330219
0.0612586737
0.0880517792
0.2093820977
0.5970152349
0.8786180455
0.9670501292
0.9911615406
0.9976315662
0.9993653778
0.9998299536
0.9999544362
0.9999877912
0.9999967287
0.9999991235
0.9999997651
0.9999999371
0.9999999831
0.9999999955
0.9999999988
0.9999999997
0.9999999999
1.0000000000
1.0000000000
1.0000000000
1.0000000000
1.0000000000
1.0000000000
1.0000000000
1.0000000000
1.0000000000
1.0000000000
1.0000000000
1.0000000000
1.0000000000
1.0000000000
1.0000000000
1.0000000000
1.0000000000
1.0000000000