0.0479565822
0.0479548365
0.0479692139
0.0480023112
0.0480838546
0.0482844595
0.0487735955
0.0499667147
0.0529380521
0.0608998913
0.0873053070
0.2078332446
0.5966037223
0.8787652660
0.9671091776
0.9911781147
0.9976360278
0.9993665737
0.9998302741
0.9999545221
0.9999878142
0.9999967348
0.9999991251
0.9999997656
0.9999999372
0.9999999832
0.9999999955
0.9999999988
0.9999999997
0.9999999999
1.0000000000
1.0000000000
1.0000000000
1.0000000000
1.0000000000
1.0000000000
1.0000000000
1.0000000000
1.0000000000
1.0000000000
1.0000000000
1.0000000000
1.0000000000
1.0000000000
1.0000000000
1.0000000000
1.0000000000
1.0000000000
1.0000000000
1.0000000000