0.0479566472
0.0479557854
0.0479627748
0.0479788518
0.0480184321
0.0481156418
0.0483516796
0.0489215204
0.0503039512
0.0537507004
0.0631338763
0.0956682324
0.2462868919
0.6563454038
0.8995986648
0.9728541330
0.9927210994
0.9980495339
0.9994773732
0.9998599627
0.9999624771
0.9999899458
0.9999973060
0.9999992781
0.9999998066
0.9999999482
0.9999999861
0.9999999963
0.9999999990
0.9999999997
0.9999999999
1.0000000000
1.0000000000
1.0000000000
1.0000000000
1.0000000000
1.0000000000
1.0000000000
1.0000000000
1.0000000000
1.0000000000
1.0000000000
1.0000000000
1.0000000000
1.0000000000
1.0000000000
1.0000000000
1.0000000000
1.0000000000
1.0000000000