0.0478280359
0.0488218482
0.3436605070
0.8053102845
0.9476253079
0.9859649287
0.9962393101
0.9989923268
0.9997299949
0.9999276524
0.9999806145
0.9999948057
0.9999986082
0.9999996271
0.9999999001
0.9999999732
0.9999999928
0.9999999981
0.9999999995
0.9999999999
1.0000000000
1.0000000000
1.0000000000
1.0000000000
1.0000000000
1.0000000000
1.0000000000
1.0000000000
1.0000000000
1.0000000000
1.0000000000
1.0000000000
1.0000000000
1.0000000000
1.0000000000
1.0000000000
1.0000000000
1.0000000000
1.0000000000
1.0000000000
1.0000000000
1.0000000000
1.0000000000
1.0000000000
1.0000000000
1.0000000000
1.0000000000
1.0000000000
1.0000000000
1.0000000000