0.0479566960
0.0479564861
0.0479581381
0.0479619334
0.0479712719
0.0479941820
0.0480496487
0.0481825936
0.0484994887
0.0492554156
0.0510813083
0.0556759309
0.0687369299
0.1185484667
0.3434698503
0.7523939326
0.9303642510
0.9812530147
0.9949749417
0.9986535087
0.9996392085
0.9999033263
0.9999740964
0.9999930592
0.9999981402
0.9999995017
0.9999998665
0.9999999642
0.9999999904
0.9999999974
0.9999999993
0.9999999998
1.0000000000
1.0000000000
1.0000000000
1.0000000000
1.0000000000
1.0000000000
1.0000000000
1.0000000000
1.0000000000
1.0000000000
1.0000000000
1.0000000000
1.0000000000
1.0000000000
1.0000000000
1.0000000000
1.0000000000
1.0000000000