0.0479567102
0.0479566850
0.0479568749
0.0479573103
0.0479583816
0.0479610094
0.0479673673
0.0479825781
0.0480186689
0.0481038126
0.0483040415
0.0487751174
0.0498915726
0.0525997867
0.0596186785
0.0815430177
0.1766179552
0.5251093640
0.8502089945
0.9590614399
0.9890110465
0.9970551328
0.9992109191
0.9997885665
0.9999433466
0.9999848198
0.9999959325
0.9999989101
0.9999997080
0.9999999217
0.9999999790
0.9999999944
0.9999999985
0.9999999996
0.9999999999
1.0000000000
1.0000000000
1.0000000000
1.0000000000
1.0000000000
1.0000000000
1.0000000000
1.0000000000
1.0000000000
1.0000000000
1.0000000000
1.0000000000
1.0000000000
1.0000000000
1.0000000000