0.0479566994
0.0479565335
0.0479578325
0.0479608163
0.0479681576
0.0479861672
0.0480297615
0.0481342017
0.0483828708
0.0489744429
0.0503938479
0.0539034520
0.0633955788
0.0960953758
0.2463354625
0.6546527232
0.8988472874
0.9726371576
0.9926624457
0.9980338046
0.9994731583
0.9998588333
0.9999621745
0.9999898647
0.9999972843
0.9999992723
0.9999998050
0.9999999478
0.9999999860
0.9999999962
0.9999999990
0.9999999997
0.9999999999
1.0000000000
1.0000000000
1.0000000000
1.0000000000
1.0000000000
1.0000000000
1.0000000000
1.0000000000
1.0000000000
1.0000000000
1.0000000000
1.0000000000
1.0000000000
1.0000000000
1.0000000000
1.0000000000
1.0000000000