0.0477941717
0.0471100890
0.2484574812
0.7504307651
0.9323476942
0.9818659852
0.9951409686
0.9986980271
0.9996511376
0.9999065227
0.9999749528
0.9999932886
0.9999982017
0.9999995181
0.9999998709
0.9999999654
0.9999999907
0.9999999975
0.9999999993
0.9999999998
1.0000000000
1.0000000000
1.0000000000
1.0000000000
1.0000000000
1.0000000000
1.0000000000
1.0000000000
1.0000000000
1.0000000000
1.0000000000
1.0000000000
1.0000000000
1.0000000000
1.0000000000
1.0000000000
1.0000000000
1.0000000000
1.0000000000
1.0000000000
1.0000000000
1.0000000000
1.0000000000
1.0000000000
1.0000000000
1.0000000000
1.0000000000
1.0000000000
1.0000000000
1.0000000000