0.0479567041
0.0479566005
0.0479574037
0.0479592479
0.0479637852
0.0479749151
0.0480018497
0.0480663364
0.0482196362
0.0485829561
0.0494467699
0.0515336695
0.0568258862
0.0722895413
0.1341122835
0.4011375144
0.7900896098
0.9416952875
0.9843240855
0.9957985691
0.9988742119
0.9996983459
0.9999191721
0.9999783423
0.9999941968
0.9999984450
0.9999995834
0.9999998884
0.9999999701
0.9999999920
0.9999999979
0.9999999994
0.9999999998
1.0000000000
1.0000000000
1.0000000000
1.0000000000
1.0000000000
1.0000000000
1.0000000000
1.0000000000
1.0000000000
1.0000000000
1.0000000000
1.0000000000
1.0000000000
1.0000000000
1.0000000000
1.0000000000
1.0000000000