0.0479567106
0.0479566907
0.0479568400
0.0479571824
0.0479580245
0.0479600905
0.0479650890
0.0479770470
0.0480054167
0.0480723250
0.0482295588
0.0485988597
0.0494705980
0.0515641634
0.0568445101
0.0721708030
0.1328990545
0.3952550032
0.7860574091
0.9404563620
0.9839866171
0.9957080003
0.9988499408
0.9996918425
0.9999174295
0.9999778753
0.9999940717
0.9999984115
0.9999995744
0.9999998860
0.9999999694
0.9999999918
0.9999999978
0.9999999994
0.9999999998
1.0000000000
1.0000000000
1.0000000000
1.0000000000
1.0000000000
1.0000000000
1.0000000000
1.0000000000
1.0000000000
1.0000000000
1.0000000000
1.0000000000
1.0000000000
1.0000000000
1.0000000000