0.0479567082
0.0479566571
0.0479570476
0.0479579437
0.0479601484
0.0479655562
0.0479786411
0.0480099526
0.0480842915
0.0482599289
0.0486744331
0.0496578965
0.0520373208
0.0581307996
0.0765046476
0.1532449910
0.4626061901
0.8224111819
0.9511288261
0.9868728224
0.9964819377
0.9990573275
0.9997474117
0.9999323192
0.9999818650
0.9999951407
0.9999986980
0.9999996511
0.9999999065
0.9999999750
0.9999999933
0.9999999982
0.9999999995
0.9999999999
1.0000000000
1.0000000000
1.0000000000
1.0000000000
1.0000000000
1.0000000000
1.0000000000
1.0000000000
1.0000000000
1.0000000000
1.0000000000
1.0000000000
1.0000000000
1.0000000000
1.0000000000
1.0000000000