0.0479567097
0.0479566778
0.0479569192
0.0479574731
0.0479588357
0.0479621782
0.0479702654
0.0479896141
0.0480355304
0.0481438950
0.0483989624
0.0490003477
0.0504330404
0.0539544502
0.0634224252
0.0957811366
0.2435322524
0.6494845886
0.8969459345
0.9721053263
0.9925192820
0.9979954282
0.9994628751
0.9998560779
0.9999614362
0.9999896669
0.9999972313
0.9999992581
0.9999998012
0.9999999467
0.9999999857
0.9999999962
0.9999999990
0.9999999997
0.9999999999
1.0000000000
1.0000000000
1.0000000000
1.0000000000
1.0000000000
1.0000000000
1.0000000000
1.0000000000
1.0000000000
1.0000000000
1.0000000000
1.0000000000
1.0000000000
1.0000000000
1.0000000000