0.0479567090
0.0479566686
0.0479569757
0.0479576802
0.0479594135
0.0479636650
0.0479739518
0.0479985651
0.0480569862
0.0481949298
0.0485199958
0.0492885341
0.0511317682
0.0557423509
0.0687669514
0.1180305589
0.3396784442
0.7486986164
0.9291622397
0.9809228631
0.9948862538
0.9986297397
0.9996328396
0.9999016197
0.9999736391
0.9999929366
0.9999981074
0.9999994929
0.9999998641
0.9999999636
0.9999999902
0.9999999974
0.9999999993
0.9999999998
0.9999999999
1.0000000000
1.0000000000
1.0000000000
1.0000000000
1.0000000000
1.0000000000
1.0000000000
1.0000000000
1.0000000000
1.0000000000
1.0000000000
1.0000000000
1.0000000000
1.0000000000
1.0000000000