0.0479567020
0.0479565709
0.0479575924
0.0479599382
0.0479657096
0.0479798673
0.0480141328
0.0480961943
0.0482914080
0.0487548299
0.0498610464
0.0525604308
0.0595959637
0.0817343946
0.1785148598
0.5312930204
0.8530445055
0.9598816805
0.9892327484
0.9971145856
0.9992268505
0.9997928353
0.9999444904
0.9999851263
0.9999960146
0.9999989321
0.9999997139
0.9999999233
0.9999999795
0.9999999945
0.9999999985
0.9999999996
0.9999999999
1.0000000000
1.0000000000
1.0000000000
1.0000000000
1.0000000000
1.0000000000
1.0000000000
1.0000000000
1.0000000000
1.0000000000
1.0000000000
1.0000000000
1.0000000000
1.0000000000
1.0000000000
1.0000000000
1.0000000000