0.0479567058
0.0479566240
0.0479572555
0.0479587054
0.0479622724
0.0479710222
0.0479921952
0.0480428765
0.0481632927
0.0484483093
0.0491238534
0.0507434798
0.0547680584
0.0658732865
0.1059387795
0.2897820932
0.7051816076
0.9154967854
0.9771996246
0.9938872489
0.9983620321
0.9995611072
0.9998823991
0.9999684890
0.9999915567
0.9999977376
0.9999993938
0.9999998376
0.9999999565
0.9999999883
0.9999999969
0.9999999992
0.9999999998
0.9999999999
1.0000000000
1.0000000000
1.0000000000
1.0000000000
1.0000000000
1.0000000000
1.0000000000
1.0000000000
1.0000000000
1.0000000000
1.0000000000
1.0000000000
1.0000000000
1.0000000000
1.0000000000
1.0000000000