0.0479567071
0.0479566425
0.0479571391
0.0479582789
0.0479610832
0.0479679620
0.0479846064
0.0480244411
0.0481190466
0.0483427442
0.0488716691
0.0501323352
0.0532176605
0.0613738641
0.0880786120
0.2081248080
0.5929752322
0.8769101297
0.9665612337
0.9910295447
0.9975961730
0.9993558937
0.9998274123
0.9999537553
0.9999876088
0.9999966798
0.9999991104
0.9999997616
0.9999999361
0.9999999829
0.9999999954
0.9999999988
0.9999999997
0.9999999999
1.0000000000
1.0000000000
1.0000000000
1.0000000000
1.0000000000
1.0000000000
1.0000000000
1.0000000000
1.0000000000
1.0000000000
1.0000000000
1.0000000000
1.0000000000
1.0000000000
1.0000000000
1.0000000000