0.0477867279
0.0462388945
0.1819242197
0.6739893949
0.9100960488
0.9758821322
0.9935374303
0.9982683597
0.9995360087
0.9998756740
0.9999666870
0.9999910738
0.9999976082
0.9999993591
0.9999998283
0.9999999540
0.9999999877
0.9999999967
0.9999999991
0.9999999998
0.9999999999
1.0000000000
1.0000000000
1.0000000000
1.0000000000
1.0000000000
1.0000000000
1.0000000000
1.0000000000
1.0000000000
1.0000000000
1.0000000000
1.0000000000
1.0000000000
1.0000000000
1.0000000000
1.0000000000
1.0000000000
1.0000000000
1.0000000000
1.0000000000
1.0000000000
1.0000000000
1.0000000000
1.0000000000
1.0000000000
1.0000000000
1.0000000000
1.0000000000
1.0000000000