0.0479567109
0.0479566952
0.0479568126
0.0479570818
0.0479577439
0.0479593681
0.0479632979
0.0479726990
0.0479950003
0.0480475847
0.0481710887
0.0484607859
0.0491424849
0.0507671832
0.0547830502
0.0657973867
0.1051840647
0.2851705616
0.6994961506
0.9135751957
0.9766692587
0.9937447077
0.9983238284
0.9995508703
0.9998796562
0.9999677540
0.9999913597
0.9999976848
0.9999993797
0.9999998338
0.9999999555
0.9999999881
0.9999999968
0.9999999991
0.9999999998
0.9999999999
1.0000000000
1.0000000000
1.0000000000
1.0000000000
1.0000000000
1.0000000000
1.0000000000
1.0000000000
1.0000000000
1.0000000000
1.0000000000
1.0000000000
1.0000000000
1.0000000000