0.0479567112
0.0479566988
0.0479567911
0.0479570027
0.0479575232
0.0479588002
0.0479618898
0.0479692808
0.0479868125
0.0480281431
0.0481251733
0.0483525379
0.0488862568
0.0501508078
0.0532295990
0.0613235007
0.0876070982
0.2049046347
0.5856207218
0.8739967433
0.9657380129
0.9908076979
0.9975366990
0.9993399570
0.9998231421
0.9999526111
0.9999873022
0.9999965976
0.9999990883
0.9999997557
0.9999999345
0.9999999825
0.9999999953
0.9999999987
0.9999999997
0.9999999999
1.0000000000
1.0000000000
1.0000000000
1.0000000000
1.0000000000
1.0000000000
1.0000000000
1.0000000000
1.0000000000
1.0000000000
1.0000000000
1.0000000000
1.0000000000
1.0000000000