0.0477948697
0.0459083420
0.1371077729
0.5670921630
0.8765554616
0.9668172163
0.9911077370
0.9976173204
0.9993615634
0.9998289316
0.9999541624
0.9999877179
0.9999967090
0.9999991182
0.9999997637
0.9999999367
0.9999999830
0.9999999955
0.9999999988
0.9999999997
0.9999999999
1.0000000000
1.0000000000
1.0000000000
1.0000000000
1.0000000000
1.0000000000
1.0000000000
1.0000000000
1.0000000000
1.0000000000
1.0000000000
1.0000000000
1.0000000000
1.0000000000
1.0000000000
1.0000000000
1.0000000000
1.0000000000
1.0000000000
1.0000000000
1.0000000000
1.0000000000
1.0000000000
1.0000000000
1.0000000000
1.0000000000
1.0000000000
1.0000000000
1.0000000000