0.0478109354
0.0458929623
0.1073310411
0.4414045855
0.8306205945
0.9542527391
0.9877380700
0.9967143955
0.9991196254
0.9997641045
0.9999367920
0.9999830635
0.9999954619
0.9999987840
0.9999996742
0.9999999127
0.9999999766
0.9999999937
0.9999999983
0.9999999995
0.9999999999
1.0000000000
1.0000000000
1.0000000000
1.0000000000
1.0000000000
1.0000000000
1.0000000000
1.0000000000
1.0000000000
1.0000000000
1.0000000000
1.0000000000
1.0000000000
1.0000000000
1.0000000000
1.0000000000
1.0000000000
1.0000000000
1.0000000000
1.0000000000
1.0000000000
1.0000000000
1.0000000000
1.0000000000
1.0000000000
1.0000000000
1.0000000000
1.0000000000
1.0000000000