0.0478301821
0.0460496757
0.0879264946
0.3245522858
0.7715863026
0.9376520354
0.9832787867
0.9955194237
0.9987994330
0.9996783093
0.9999138033
0.9999769037
0.9999938114
0.9999983418
0.9999995557
0.9999998809
0.9999999681
0.9999999915
0.9999999977
0.9999999994
0.9999999998
1.0000000000
1.0000000000
1.0000000000
1.0000000000
1.0000000000
1.0000000000
1.0000000000
1.0000000000
1.0000000000
1.0000000000
1.0000000000
1.0000000000
1.0000000000
1.0000000000
1.0000000000
1.0000000000
1.0000000000
1.0000000000
1.0000000000
1.0000000000
1.0000000000
1.0000000000
1.0000000000
1.0000000000
1.0000000000
1.0000000000
1.0000000000
1.0000000000
1.0000000000