3970.5753692688
3974.6380529256
3946.3601408835
3882.9256518893
3730.5390064394
3378.4674097032
2636.4856179041
1372.7564367201
268.6657539422
15.6448250379
0.4627644476
0.0095675286
0.0001579660
0.0000022198
0.0000000275
0.0000000003
0.0000000000
0.0000000000
0.0000000000
0.0000000000
0.0000000000
0.0000000000
0.0000000000
0.0000000000
0.0000000000
0.0000000000
0.0000000000
0.0000000000
0.0000000000
0.0000000000
0.0000000000
0.0000000000
0.0000000000
0.0000000000
0.0000000000
0.0000000000
0.0000000000
0.0000000000
0.0000000000
0.0000000000
0.0000000000
0.0000000000
0.0000000000
0.0000000000
0.0000000000
0.0000000000
0.0000000000
0.0000000000
0.0000000000
0.0000000000