3970.5216105717
3973.0566316314
3955.5610630441
3916.1733294167
3820.6619283780
3595.0439341108
3095.3792239507
2119.0550716136
778.6424086130
86.5879951506
3.5753905686
0.0899152370
0.0017050541
0.0000267904
0.0000003658
0.0000000045
0.0000000000
0.0000000000
0.0000000000
0.0000000000
0.0000000000
0.0000000000
0.0000000000
0.0000000000
0.0000000000
0.0000000000
0.0000000000
0.0000000000
0.0000000000
0.0000000000
0.0000000000
0.0000000000
0.0000000000
0.0000000000
0.0000000000
0.0000000000
0.0000000000
0.0000000000
0.0000000000
0.0000000000
0.0000000000
0.0000000000
0.0000000000
0.0000000000
0.0000000000
0.0000000000
0.0000000000
0.0000000000
0.0000000000
0.0000000000