3970.7181663408
3978.9576598384
3920.8952205049
3791.9804281316
3489.9954519243
2831.2931061199
1631.5365024801
389.9446951671
26.2948943787
0.8183503738
0.0170725121
0.0002783015
0.0000038091
0.0000000455
0.0000000005
0.0000000000
0.0000000000
0.0000000000
0.0000000000
0.0000000000
0.0000000000
0.0000000000
0.0000000000
0.0000000000
0.0000000000
0.0000000000
0.0000000000
0.0000000000
0.0000000000
0.0000000000
0.0000000000
0.0000000000
0.0000000000
0.0000000000
0.0000000000
0.0000000000
0.0000000000
0.0000000000
0.0000000000
0.0000000000
0.0000000000
0.0000000000
0.0000000000
0.0000000000
0.0000000000
0.0000000000
0.0000000000
0.0000000000
0.0000000000
0.0000000000