3970.5454786176
3973.7547432255
3951.5112319592
3901.5122796584
3780.7712108303
3498.3596779401
2886.5715878431
1757.3352984565
482.7066184214
37.9906977815
1.3091161977
0.0296930400
0.0005243422
0.0000077862
0.0000001012
0.0000000012
0.0000000000
0.0000000000
0.0000000000
0.0000000000
0.0000000000
0.0000000000
0.0000000000
0.0000000000
0.0000000000
0.0000000000
0.0000000000
0.0000000000
0.0000000000
0.0000000000
0.0000000000
0.0000000000
0.0000000000
0.0000000000
0.0000000000
0.0000000000
0.0000000000
0.0000000000
0.0000000000
0.0000000000
0.0000000000
0.0000000000
0.0000000000
0.0000000000
0.0000000000
0.0000000000
0.0000000000
0.0000000000
0.0000000000
0.0000000000