3970.6596085069
3977.1693717843
3931.4810351937
3829.6022495000
3588.4711891915
3050.0567984255
2004.2493437904
655.6898224577
61.7034041051
2.2804882672
0.0527335836
0.0009259609
0.0000134707
0.0000001699
0.0000000019
0.0000000000
0.0000000000
0.0000000000
0.0000000000
0.0000000000
0.0000000000
0.0000000000
0.0000000000
0.0000000000
0.0000000000
0.0000000000
0.0000000000
0.0000000000
0.0000000000
0.0000000000
0.0000000000
0.0000000000
0.0000000000
0.0000000000
0.0000000000
0.0000000000
0.0000000000
0.0000000000
0.0000000000
0.0000000000
0.0000000000
0.0000000000
0.0000000000
0.0000000000
0.0000000000
0.0000000000
0.0000000000
0.0000000000
0.0000000000
0.0000000000