3970.6127874844
3975.7556026391
3939.8095200465
3859.3842801937
3667.4500772453
3230.7219579178
2342.0689509057
993.5019177918
134.6886486386
6.1103615391
0.1585031293
0.0030109670
0.0000466170
0.0000006204
0.0000000073
0.0000000001
0.0000000000
0.0000000000
0.0000000000
0.0000000000
0.0000000000
0.0000000000
0.0000000000
0.0000000000
0.0000000000
0.0000000000
0.0000000000
0.0000000000
0.0000000000
0.0000000000
0.0000000000
0.0000000000
0.0000000000
0.0000000000
0.0000000000
0.0000000000
0.0000000000
0.0000000000
0.0000000000
0.0000000000
0.0000000000
0.0000000000
0.0000000000
0.0000000000
0.0000000000
0.0000000000
0.0000000000
0.0000000000
0.0000000000
0.0000000000