3970.4578452152
3971.2371032282
3965.9736192262
3954.0818576083
3924.9334010237
3854.2440176442
3687.9254271383
3315.2624260301
2552.4852714730
1296.0004259298
246.5521977829
14.4809659612
0.4452455043
0.0097470711
0.0001728607
0.0000026409
0.0000000359
0.0000000004
0.0000000000
0.0000000000
0.0000000000
0.0000000000
0.0000000000
0.0000000000
0.0000000000
0.0000000000
0.0000000000
0.0000000000
0.0000000000
0.0000000000
0.0000000000
0.0000000000
0.0000000000
0.0000000000
0.0000000000
0.0000000000
0.0000000000
0.0000000000
0.0000000000
0.0000000000
0.0000000000
0.0000000000
0.0000000000
0.0000000000
0.0000000000
0.0000000000
0.0000000000
0.0000000000
0.0000000000
0.0000000000