3970.4468011089
3970.9328695839
3967.6779333944
3960.3214751291
3942.2577557896
3898.2553714255
3793.6262165046
3553.4513834993
3035.0989645400
2047.5248323897
734.6236078304
80.8356974680
3.4159405883
0.0896726082
0.0018005742
0.0000303153
0.0000004481
0.0000000060
0.0000000001
0.0000000000
0.0000000000
0.0000000000
0.0000000000
0.0000000000
0.0000000000
0.0000000000
0.0000000000
0.0000000000
0.0000000000
0.0000000000
0.0000000000
0.0000000000
0.0000000000
0.0000000000
0.0000000000
0.0000000000
0.0000000000
0.0000000000
0.0000000000
0.0000000000
0.0000000000
0.0000000000
0.0000000000
0.0000000000
0.0000000000
0.0000000000
0.0000000000
0.0000000000
0.0000000000
0.0000000000