3970.4873555891
3972.0689429950
3961.2469052205
3936.8326804840
3877.2825467686
3734.6017155286
3408.2638049809
2721.5409542501
1520.8872024872
348.3415817992
23.4397863569
0.7600993552
0.0169279926
0.0002998357
0.0000045238
0.0000000603
0.0000000007
0.0000000000
0.0000000000
0.0000000000
0.0000000000
0.0000000000
0.0000000000
0.0000000000
0.0000000000
0.0000000000
0.0000000000
0.0000000000
0.0000000000
0.0000000000
0.0000000000
0.0000000000
0.0000000000
0.0000000000
0.0000000000
0.0000000000
0.0000000000
0.0000000000
0.0000000000
0.0000000000
0.0000000000
0.0000000000
0.0000000000
0.0000000000
0.0000000000
0.0000000000
0.0000000000
0.0000000000
0.0000000000
0.0000000000