3970.4373157762
3970.6767397716
3969.0939795168
3965.5166788294
3956.7197629554
3935.2103288616
3883.6056318973
3762.6447865913
3489.1026590199
2910.2903390428
1846.7858532458
572.3530743851
53.0564116433
2.0723127766
0.0527135705
0.0010485110
0.0000177048
0.0000002646
0.0000000036
0.0000000000
0.0000000000
0.0000000000
0.0000000000
0.0000000000
0.0000000000
0.0000000000
0.0000000000
0.0000000000
0.0000000000
0.0000000000
0.0000000000
0.0000000000
0.0000000000
0.0000000000
0.0000000000
0.0000000000
0.0000000000
0.0000000000
0.0000000000
0.0000000000
0.0000000000
0.0000000000
0.0000000000
0.0000000000
0.0000000000
0.0000000000
0.0000000000
0.0000000000
0.0000000000
0.0000000000