3970.4752279479
3971.7244280920
3963.2135420364
3944.0005429904
3897.0414346766
3783.9644612945
3522.3212417548
2957.4818035259
1898.6032054261
597.7874105455
55.3820034783
2.1101726911
0.0516018080
0.0009754432
0.0000154979
0.0000002160
0.0000000027
0.0000000000
0.0000000000
0.0000000000
0.0000000000
0.0000000000
0.0000000000
0.0000000000
0.0000000000
0.0000000000
0.0000000000
0.0000000000
0.0000000000
0.0000000000
0.0000000000
0.0000000000
0.0000000000
0.0000000000
0.0000000000
0.0000000000
0.0000000000
0.0000000000
0.0000000000
0.0000000000
0.0000000000
0.0000000000
0.0000000000
0.0000000000
0.0000000000
0.0000000000
0.0000000000
0.0000000000
0.0000000000
0.0000000000