3970.4397909057
3970.7429596282
3968.7301911784
3964.1808339976
3952.9977384395
3925.6804011799
3860.2930167566
3707.8579178005
3367.3701913324
2665.9687555486
1467.4359155074
330.4464152620
22.4038879542
0.7489622553
0.0174457772
0.0003269828
0.0000052734
0.0000000758
0.0000000010
0.0000000000
0.0000000000
0.0000000000
0.0000000000
0.0000000000
0.0000000000
0.0000000000
0.0000000000
0.0000000000
0.0000000000
0.0000000000
0.0000000000
0.0000000000
0.0000000000
0.0000000000
0.0000000000
0.0000000000
0.0000000000
0.0000000000
0.0000000000
0.0000000000
0.0000000000
0.0000000000
0.0000000000
0.0000000000
0.0000000000
0.0000000000
0.0000000000
0.0000000000
0.0000000000
0.0000000000