3970.4516989495
3971.0671495801
3966.9280038884
3957.5743859238
3934.6245420628
3878.8294024102
3746.7781687057
3446.9026310467
2814.7682926236
1680.8517357044
449.2148178185
35.2821428440
1.2538060842
0.0298904168
0.0005627671
0.0000090173
0.0000001278
0.0000000016
0.0000000000
0.0000000000
0.0000000000
0.0000000000
0.0000000000
0.0000000000
0.0000000000
0.0000000000
0.0000000000
0.0000000000
0.0000000000
0.0000000000
0.0000000000
0.0000000000
0.0000000000
0.0000000000
0.0000000000
0.0000000000
0.0000000000
0.0000000000
0.0000000000
0.0000000000
0.0000000000
0.0000000000
0.0000000000
0.0000000000
0.0000000000
0.0000000000
0.0000000000
0.0000000000
0.0000000000
0.0000000000