3970.4655562462
3971.4522016584
3964.7590807513
3949.6423993824
3912.6359164829
3823.1708240429
3614.2306262985
3153.7874786373
2246.1974572948
922.9666916065
122.0696362394
5.6481536631
0.1535764942
0.0031138080
0.0000521988
0.0000007614
0.0000000099
0.0000000001
0.0000000000
0.0000000000
0.0000000000
0.0000000000
0.0000000000
0.0000000000
0.0000000000
0.0000000000
0.0000000000
0.0000000000
0.0000000000
0.0000000000
0.0000000000
0.0000000000
0.0000000000
0.0000000000
0.0000000000
0.0000000000
0.0000000000
0.0000000000
0.0000000000
0.0000000000
0.0000000000
0.0000000000
0.0000000000
0.0000000000
0.0000000000
0.0000000000
0.0000000000
0.0000000000
0.0000000000
0.0000000000