3970.4428990046
3970.8267780516
3968.2671913010
3962.4819284317
3948.2675796150
3913.5883015401
3830.8218647917
3639.1900523849
3217.6683742289
2378.2660423429
1085.1664671442
171.4309114887
8.9525038407
0.2626413967
0.0056580663
0.0001003467
0.0000015484
0.0000000214
0.0000000003
0.0000000000
0.0000000000
0.0000000000
0.0000000000
0.0000000000
0.0000000000
0.0000000000
0.0000000000
0.0000000000
0.0000000000
0.0000000000
0.0000000000
0.0000000000
0.0000000000
0.0000000000
0.0000000000
0.0000000000
0.0000000000
0.0000000000
0.0000000000
0.0000000000
0.0000000000
0.0000000000
0.0000000000
0.0000000000
0.0000000000
0.0000000000
0.0000000000
0.0000000000
0.0000000000
0.0000000000