3970.5025584699
3972.5049247295
3958.7446153900
3927.7293685436
3852.2736297110
3672.6175951119
3267.5849763924
2442.2872994564
1136.2194408854
182.3104178968
9.3757782446
0.2652076349
0.0054302809
0.0000904631
0.0000012979
0.0000000165
0.0000000002
0.0000000000
0.0000000000
0.0000000000
0.0000000000
0.0000000000
0.0000000000
0.0000000000
0.0000000000
0.0000000000
0.0000000000
0.0000000000
0.0000000000
0.0000000000
0.0000000000
0.0000000000
0.0000000000
0.0000000000
0.0000000000
0.0000000000
0.0000000000
0.0000000000
0.0000000000
0.0000000000
0.0000000000
0.0000000000
0.0000000000
0.0000000000
0.0000000000
0.0000000000
0.0000000000
0.0000000000
0.0000000000
0.0000000000