3970.4292178675
3970.4654264337
3970.2340380650
3969.7116247660
3968.4254947603
3965.2707187426
3957.6457040342
3939.4584777787
3896.6301640068
3797.4012358086
3573.6806421894
3095.3169944336
2178.7563985907
882.3768637281
117.2399287729
5.6444959869
0.1632980822
0.0035878418
0.0000662690
0.0000010813
0.0000000160
0.0000000002
0.0000000000
0.0000000000
0.0000000000
0.0000000000
0.0000000000
0.0000000000
0.0000000000
0.0000000000
0.0000000000
0.0000000000
0.0000000000
0.0000000000
0.0000000000
0.0000000000
0.0000000000
0.0000000000
0.0000000000
0.0000000000
0.0000000000
0.0000000000
0.0000000000
0.0000000000
0.0000000000
0.0000000000
0.0000000000
0.0000000000
0.0000000000
0.0000000000