3970.4315344754
3970.5246533053
3969.9194737410
3968.5522475960
3965.1872860113
3956.9409757306
3937.0513334225
3889.8413966272
3779.9345278197
3531.9261445083
3004.5414196943
2013.9893227188
717.4018628498
79.3034986553
3.4243260212
0.0928523887
0.0019434084
0.0000343900
0.0000005384
0.0000000076
0.0000000001
0.0000000000
0.0000000000
0.0000000000
0.0000000000
0.0000000000
0.0000000000
0.0000000000
0.0000000000
0.0000000000
0.0000000000
0.0000000000
0.0000000000
0.0000000000
0.0000000000
0.0000000000
0.0000000000
0.0000000000
0.0000000000
0.0000000000
0.0000000000
0.0000000000
0.0000000000
0.0000000000
0.0000000000
0.0000000000
0.0000000000
0.0000000000
0.0000000000
0.0000000000