3970.4296154415
3970.4754693773
3970.1812117721
3969.5167402538
3967.8809554983
3963.8691669215
3954.1762323098
3931.0756975065
3876.7826707082
3751.5576117438
3472.0978361532
2887.6026095102
1825.4670658652
565.2545329958
53.0121922140
2.1181368638
0.0555513998
0.0011477246
0.0000202728
0.0000003191
0.0000000046
0.0000000001
0.0000000000
0.0000000000
0.0000000000
0.0000000000
0.0000000000
0.0000000000
0.0000000000
0.0000000000
0.0000000000
0.0000000000
0.0000000000
0.0000000000
0.0000000000
0.0000000000
0.0000000000
0.0000000000
0.0000000000
0.0000000000
0.0000000000
0.0000000000
0.0000000000
0.0000000000
0.0000000000
0.0000000000
0.0000000000
0.0000000000
0.0000000000
0.0000000000