3970.4353451157
3970.6244246231
3969.3798113861
3966.5669784886
3959.6479296265
3942.7170443258
3902.0227544045
3806.2234149267
3587.4278195141
3114.3632355213
2198.6200959697
891.3764556838
117.3617640156
5.5364286541
0.1558019279
0.0033066329
0.0000585957
0.0000009114
0.0000000128
0.0000000002
0.0000000000
0.0000000000
0.0000000000
0.0000000000
0.0000000000
0.0000000000
0.0000000000
0.0000000000
0.0000000000
0.0000000000
0.0000000000
0.0000000000
0.0000000000
0.0000000000
0.0000000000
0.0000000000
0.0000000000
0.0000000000
0.0000000000
0.0000000000
0.0000000000
0.0000000000
0.0000000000
0.0000000000
0.0000000000
0.0000000000
0.0000000000
0.0000000000
0.0000000000
0.0000000000