3970.4337764146
3970.5830953703
3969.6043896467
3967.3927258106
3961.9511948487
3948.6276375266
3916.5575017374
3840.8024203364
3666.4147164632
3282.7405489256
2510.4217865066
1261.0150017733
238.1746624040
14.1855856917
0.4493124674
0.0102464093
0.0001911277
0.0000030978
0.0000000451
0.0000000006
0.0000000000
0.0000000000
0.0000000000
0.0000000000
0.0000000000
0.0000000000
0.0000000000
0.0000000000
0.0000000000
0.0000000000
0.0000000000
0.0000000000
0.0000000000
0.0000000000
0.0000000000
0.0000000000
0.0000000000
0.0000000000
0.0000000000
0.0000000000
0.0000000000
0.0000000000
0.0000000000
0.0000000000
0.0000000000
0.0000000000
0.0000000000
0.0000000000
0.0000000000
0.0000000000