3970.4289016725
3970.4574935009
3970.2755421900
3969.8648186297
3968.8536213247
3966.3728970480
3960.3753425238
3946.0605939069
3912.2997860807
3833.7997034739
3655.3650369980
3266.9705228685
2492.6427783115
1250.7839903573
237.9182404748
14.4339592685
0.4688300361
0.0110346278
0.0002138216
0.0000036228
0.0000000554
0.0000000008
0.0000000000
0.0000000000
0.0000000000
0.0000000000
0.0000000000
0.0000000000
0.0000000000
0.0000000000
0.0000000000
0.0000000000
0.0000000000
0.0000000000
0.0000000000
0.0000000000
0.0000000000
0.0000000000
0.0000000000
0.0000000000
0.0000000000
0.0000000000
0.0000000000
0.0000000000
0.0000000000
0.0000000000
0.0000000000
0.0000000000
0.0000000000
0.0000000000