3970.4325279244
3970.5504456961
3969.7808393432
3968.0419023577
3963.7626946576
3953.2799734708
3928.0190133708
3868.1872569717
3729.5877844403
3420.3399673917
2778.5627054463
1645.4515150280
436.3218826238
34.5744086744
1.2603276961
0.0311607553
0.0006141935
0.0000103904
0.0000001567
0.0000000022
0.0000000000
0.0000000000
0.0000000000
0.0000000000
0.0000000000
0.0000000000
0.0000000000
0.0000000000
0.0000000000
0.0000000000
0.0000000000
0.0000000000
0.0000000000
0.0000000000
0.0000000000
0.0000000000
0.0000000000
0.0000000000
0.0000000000
0.0000000000
0.0000000000
0.0000000000
0.0000000000
0.0000000000
0.0000000000
0.0000000000
0.0000000000
0.0000000000
0.0000000000
0.0000000000