3970.4286504370
3970.4512273783
3970.3081507303
3969.9852395564
3969.1902143591
3967.2395959443
3962.5225846522
3951.2583706029
3924.6600494097
3862.6394936937
3720.7467530521
3407.4231047394
2763.1096300070
1634.7855020181
435.8647291162
35.1224351218
1.3102564561
0.0333443332
0.0006806357
0.0000119971
0.0000001896
0.0000000027
0.0000000000
0.0000000000
0.0000000000
0.0000000000
0.0000000000
0.0000000000
0.0000000000
0.0000000000
0.0000000000
0.0000000000
0.0000000000
0.0000000000
0.0000000000
0.0000000000
0.0000000000
0.0000000000
0.0000000000
0.0000000000
0.0000000000
0.0000000000
0.0000000000
0.0000000000
0.0000000000
0.0000000000
0.0000000000
0.0000000000
0.0000000000
0.0000000000