3970.4301153891
3970.4881833295
3970.1139748540
3969.2688217664
3967.1883698719
3962.0870630870
3949.7672555896
3920.4369868023
3851.6715160753
3693.9674185150
3346.4883435334
2639.4223797393
1445.8039788169
325.5333959178
22.3965972976
0.7680549770
0.0185064754
0.0003616032
0.0000061238
0.0000000931
0.0000000013
0.0000000000
0.0000000000
0.0000000000
0.0000000000
0.0000000000
0.0000000000
0.0000000000
0.0000000000
0.0000000000
0.0000000000
0.0000000000
0.0000000000
0.0000000000
0.0000000000
0.0000000000
0.0000000000
0.0000000000
0.0000000000
0.0000000000
0.0000000000
0.0000000000
0.0000000000
0.0000000000
0.0000000000
0.0000000000
0.0000000000
0.0000000000
0.0000000000
0.0000000000