3970.4307441023
3970.5042783790
3970.0283964798
3968.9534411773
3966.3075207078
3959.8213009772
3944.1657368589
3906.9432909631
3819.9457172417
3621.8556203467
3192.2601803359
2347.9358420849
1064.8562343684
168.4880367560
8.9586657470
0.2704857185
0.0060497139
0.0001122929
0.0000018270
0.0000000268
0.0000000004
0.0000000000
0.0000000000
0.0000000000
0.0000000000
0.0000000000
0.0000000000
0.0000000000
0.0000000000
0.0000000000
0.0000000000
0.0000000000
0.0000000000
0.0000000000
0.0000000000
0.0000000000
0.0000000000
0.0000000000
0.0000000000
0.0000000000
0.0000000000
0.0000000000
0.0000000000
0.0000000000
0.0000000000
0.0000000000
0.0000000000
0.0000000000
0.0000000000
0.0000000000