3970.4278334802
3970.4312437844
3970.4103277716
3970.3631957277
3970.2471491226
3969.9622873498
3969.2728753863
3967.6237753925
3963.7147141566
3954.5178314912
3933.0355473696
3883.3002277098
3769.7958044344
3517.8519516438
2989.5512791946
2008.5690638341
727.2701548602
83.5340493982
3.7690678604
0.1073958477
0.0023828688
0.0000451440
0.0000007642
0.0000000118
0.0000000002
0.0000000000
0.0000000000
0.0000000000
0.0000000000
0.0000000000
0.0000000000
0.0000000000
0.0000000000
0.0000000000
0.0000000000
0.0000000000
0.0000000000
0.0000000000
0.0000000000
0.0000000000
0.0000000000
0.0000000000
0.0000000000
0.0000000000
0.0000000000
0.0000000000
0.0000000000
0.0000000000
0.0000000000
0.0000000000