3970.4284508484
3970.4462779343
3970.3337702247
3970.0798981035
3969.4548389384
3967.9210929220
3964.2114890809
3955.3493346380
3934.4030882413
3885.4529799779
3772.8861527894
3521.4361223149
2991.4019039065
2003.5820355410
716.6677963144
80.4354387050
3.5491065950
0.0988230943
0.0021359548
0.0000392601
0.0000006420
0.0000000096
0.0000000001
0.0000000000
0.0000000000
0.0000000000
0.0000000000
0.0000000000
0.0000000000
0.0000000000
0.0000000000
0.0000000000
0.0000000000
0.0000000000
0.0000000000
0.0000000000
0.0000000000
0.0000000000
0.0000000000
0.0000000000
0.0000000000
0.0000000000
0.0000000000
0.0000000000
0.0000000000
0.0000000000
0.0000000000
0.0000000000
0.0000000000
0.0000000000