3970.4279861613
3970.4349156744
3970.3918990079
3970.2949076295
3970.0560980329
3969.4699635739
3968.0516704451
3964.6601673651
3956.6266078871
3937.7568903633
3893.8477860551
3793.0808214466
3567.6795064364
3088.9383849711
2176.6741070750
888.1954966155
120.2638844394
5.9180901014
0.1753480879
0.0039612128
0.0000755826
0.0000012802
0.0000000198
0.0000000003
0.0000000000
0.0000000000
0.0000000000
0.0000000000
0.0000000000
0.0000000000
0.0000000000
0.0000000000
0.0000000000
0.0000000000
0.0000000000
0.0000000000
0.0000000000
0.0000000000
0.0000000000
0.0000000000
0.0000000000
0.0000000000
0.0000000000
0.0000000000
0.0000000000
0.0000000000
0.0000000000
0.0000000000
0.0000000000
0.0000000000