3970.4280657412
3970.4368419189
3970.3821374265
3970.2587688268
3969.9550145625
3969.2095191112
3967.4057607576
3963.0932226964
3952.8817684120
3928.9170983582
3873.2636929655
3746.1325226138
3464.6920140675
2880.0957656037
1823.6008152552
570.0810574853
54.5325151551
2.2276817015
0.0599271608
0.0012758210
0.0000233384
0.0000003823
0.0000000057
0.0000000001
0.0000000000
0.0000000000
0.0000000000
0.0000000000
0.0000000000
0.0000000000
0.0000000000
0.0000000000
0.0000000000
0.0000000000
0.0000000000
0.0000000000
0.0000000000
0.0000000000
0.0000000000
0.0000000000
0.0000000000
0.0000000000
0.0000000000
0.0000000000
0.0000000000
0.0000000000
0.0000000000
0.0000000000
0.0000000000
0.0000000000