3970.4278016096
3970.4304943234
3970.4140470663
3970.3769923538
3970.2857581609
3970.0617956298
3969.5197466305
3968.2230519324
3965.1488840116
3957.9138442589
3941.0010163320
3901.7746081330
3811.8834898769
3610.4920461861
3179.6547045468
2342.4012394950
1075.8708021290
176.4186006927
9.8017410210
0.3101376947
0.0073226347
0.0001448056
0.0000025341
0.0000000404
0.0000000006
0.0000000000
0.0000000000
0.0000000000
0.0000000000
0.0000000000
0.0000000000
0.0000000000
0.0000000000
0.0000000000
0.0000000000
0.0000000000
0.0000000000
0.0000000000
0.0000000000
0.0000000000
0.0000000000
0.0000000000
0.0000000000
0.0000000000
0.0000000000
0.0000000000
0.0000000000
0.0000000000
0.0000000000
0.0000000000