3970.4279231393
3970.4333942962
3970.3995683139
3970.3233145698
3970.1355646660
3969.6747294195
3968.5595519433
3965.8925226426
3959.5731893180
3944.7198780005
3910.1022338173
3830.3679925226
3650.5327142712
3261.6423754043
2490.5118012888
1256.8967029260
243.2376674428
15.0886586485
0.5013886746
0.0121105147
0.0002418625
0.0000042431
0.0000000675
0.0000000010
0.0000000000
0.0000000000
0.0000000000
0.0000000000
0.0000000000
0.0000000000
0.0000000000
0.0000000000
0.0000000000
0.0000000000
0.0000000000
0.0000000000
0.0000000000
0.0000000000
0.0000000000
0.0000000000
0.0000000000
0.0000000000
0.0000000000
0.0000000000
0.0000000000
0.0000000000
0.0000000000
0.0000000000
0.0000000000
0.0000000000