3970.4277764308
3970.4299023757
3970.4169691634
3970.3878371530
3970.3161102196
3970.1400281665
3969.7138466758
3968.6942711189
3966.2768025943
3960.5857963417
3947.2742376542
3916.3567427025
3845.2751931596
3684.8429963706
3336.0423773009
2634.1128772516
1456.6167403213
338.4998208909
24.3598424909
0.8739121559
0.0221490327
0.0004589939
0.0000083196
0.0000001365
0.0000000021
0.0000000000
0.0000000000
0.0000000000
0.0000000000
0.0000000000
0.0000000000
0.0000000000
0.0000000000
0.0000000000
0.0000000000
0.0000000000
0.0000000000
0.0000000000
0.0000000000
0.0000000000
0.0000000000
0.0000000000
0.0000000000
0.0000000000
0.0000000000
0.0000000000
0.0000000000
0.0000000000
0.0000000000
0.0000000000