3970.4282921546
3970.4423685643
3970.3538986107
3970.1543054037
3969.6628799827
3968.4569430622
3965.5397651996
3958.5684329088
3942.0788734998
3903.4761071120
3814.3424925838
3613.3936990228
3181.2741693813
2338.2730730947
1063.7593055543
170.6004678894
9.2606103962
0.2865622590
0.0066017590
0.0001269158
0.0000021504
0.0000000331
0.0000000005
0.0000000000
0.0000000000
0.0000000000
0.0000000000
0.0000000000
0.0000000000
0.0000000000
0.0000000000
0.0000000000
0.0000000000
0.0000000000
0.0000000000
0.0000000000
0.0000000000
0.0000000000
0.0000000000
0.0000000000
0.0000000000
0.0000000000
0.0000000000
0.0000000000
0.0000000000
0.0000000000
0.0000000000
0.0000000000
0.0000000000
0.0000000000