3970.4281659795
3970.4392807729
3970.3697127899
3970.2127937781
3969.8264346638
3968.8782610118
3966.5843401192
3961.1010209567
3948.1234172034
3917.7002325358
3847.2271318664
3687.1777271272
3337.4221005861
2630.7817615936
1444.2959023543
328.9776754698
23.0954776490
0.8105302275
0.0200709386
0.0004050953
0.0000071240
0.0000001130
0.0000000016
0.0000000000
0.0000000000
0.0000000000
0.0000000000
0.0000000000
0.0000000000
0.0000000000
0.0000000000
0.0000000000
0.0000000000
0.0000000000
0.0000000000
0.0000000000
0.0000000000
0.0000000000
0.0000000000
0.0000000000
0.0000000000
0.0000000000
0.0000000000
0.0000000000
0.0000000000
0.0000000000
0.0000000000
0.0000000000
0.0000000000
0.0000000000