3970.4278730459
3970.4321927512
3970.4055937914
3970.3456438367
3970.1980369801
3969.8357179757
3968.9588900203
3966.8616665091
3961.8912869994
3950.2023749649
3922.9258968780
3859.9192763104
3716.8748267633
3403.0307360313
2761.0721677806
1640.5271738171
443.9540839714
36.6031035303
1.3961759854
0.0364045624
0.0007642668
0.0000139156
0.0000002282
0.0000000034
0.0000000000
0.0000000000
0.0000000000
0.0000000000
0.0000000000
0.0000000000
0.0000000000
0.0000000000
0.0000000000
0.0000000000
0.0000000000
0.0000000000
0.0000000000
0.0000000000
0.0000000000
0.0000000000
0.0000000000
0.0000000000
0.0000000000
0.0000000000
0.0000000000
0.0000000000
0.0000000000
0.0000000000
0.0000000000
0.0000000000