3970.4277408285
3970.4290658529
3970.4210686215
3970.4030623355
3970.3587290148
3970.2498883165
3969.9864381004
3969.3561154535
3967.8613281861
3964.3410978095
3956.1000137957
3936.9211213083
3892.6243166920
3791.5892303255
3566.7297149858
3091.0543353295
2186.8089454137
904.6207439747
125.7502531595
6.3355104889
0.1918221443
0.0044357561
0.0000869102
0.0000015171
0.0000000242
0.0000000004
0.0000000000
0.0000000000
0.0000000000
0.0000000000
0.0000000000
0.0000000000
0.0000000000
0.0000000000
0.0000000000
0.0000000000
0.0000000000
0.0000000000
0.0000000000
0.0000000000
0.0000000000
0.0000000000
0.0000000000
0.0000000000
0.0000000000
0.0000000000
0.0000000000
0.0000000000
0.0000000000
0.0000000000