3970.4277575569
3970.4294349618
3970.4192649330
3970.3963616709
3970.3399711061
3970.2015336335
3969.8664542444
3969.0647873184
3967.1638102787
3962.6877471924
3952.2129715477
3927.8571250968
3871.7171843239
3744.2629048019
3463.5391384411
2882.7552377617
1835.0991455361
583.5100067060
57.2929513807
2.3933330517
0.0658301150
0.0014366207
0.0000270339
0.0000004573
0.0000000071
0.0000000001
0.0000000000
0.0000000000
0.0000000000
0.0000000000
0.0000000000
0.0000000000
0.0000000000
0.0000000000
0.0000000000
0.0000000000
0.0000000000
0.0000000000
0.0000000000
0.0000000000
0.0000000000
0.0000000000
0.0000000000
0.0000000000
0.0000000000
0.0000000000
0.0000000000
0.0000000000
0.0000000000
0.0000000000